0
0
0
0
0
0
1
24
64
104
178
643
1855
4898
13954
29188
46510
63224
75686
85850
92118
96190
98833
100236
100075
97362
95844
93446
91226
87913
84859
81137
78545
74516
71258
68296
64731
61975
58917
55661
52611
50029
47706
45807
43118
41018
38972
37117
35723
33488
32042
30557
29106
27554
26193
24899
23961
22634
21452
20318
19381
18347
17481
16707
15771
14857
14441
13460
12885
12197
11846
10989
10532
9874
9396
8989
8276
8068
7623
7119
6816
6536
6139
5960
5585
5241
5051
4737
4582
4342
4052
3957
3689
3627
3336
3145
2936
2915
2750
2561
2409
2306
2244
2135
1965
1937
1715
1630
1678
1436
1460
1344
1322
1229
1173
1089
1017
952
945
904
881
812
748
814
703
685
633
593
564
511
507
473
455
437
415
418
372
358
344
308
311
311
217
252
230
246
201
220
189
190
177
167
154
138
144
120
112
116
100
93
96
96
68
83
98
72
75
67
72
63
59
54
44
50
56
52
42
40
38
33
37
37
34
19
26
20
18
20
24
16
23
21
12
13
9
15
20
17
13
10
5
6
10
6
5
10
10
9
12
2
4
5
11
5
4
3
5
4
4
7
2
4
3
2
4
3
0
1
1
2
0
3
3
3
2
1
2
1
0
3
3
3
2
6
0
5
3
0
1
1
6
1
0
1
0
1
2
0
2
2
2
0
2
0
3
2
5
0
1
2
2
0
2
0
0
1
0
2
0
2
0
0
3
0
0
2
2
2
1
0
2
0
1
1
3
1
2
2
1
0
2
1
0
0
1
1
1
1
1
2
2
1
2
1
0
2
1
1
1
1
0
0
0
4
0
1
2
1
0
0
1
1
2
0
1
0
0
0
1
0
0
0
0
1
0
0
0
0
0
0
0
0
0
1
2
0
2
1
0
0
0
1
0
1
1
0
0
0
0
0
0
0
0
0
0
0
0
1
0
0
0
0
0
0
0
0
1
1
1
1
0
0
0
0
0
0
0
1
0
0
1
1
0
1
1
0
0
1
0
1
0
0
1
1
1
0
0
0
0
0
0
0
0
1
0
0
0
0
0
0
0
0
1
0
0
0
0
0
0
0
0
0
1
0
1
0
0
0
0
0
0
1
0
0
1
1
0
1
0
0
0
0
1
0
0
0
0
0
0
0
0
0
0
0
0
0
0
0
0
0
0
0
0
0
0
0
0
0
1
0
0
0
0
0
0
0
0
0
0
0
0
0
0
0
0
0
0
0
0
0
0
0
0
0
0
0
0
0
0
0
0
0
0
0
0
0
0
0
0
0
0
0
0
0
0
0
0
0
0
0
0
0
0
0
0
0
0
0
0
0
0
0
0
0
0
0
0
0
0
0
0
0
0
0
0
0
0
0
0
0
0
0
0
0
0
0
0
0
0
0
0
0
0
0
0
0
0
0
0
0
0
0
0
0
0
0
0
0
0
0
0
0
0
0
0
0
0
0
0
0
0
0
0
0
0
0
0
0
0
0
0
0
0
0
0
0
0
0
0
0
0
0
0
0
0
0
0
0
0
0
0
0
0
0
0
0
0
0
0
0
0
0
0
0
0
0
0
0
0
0
0
0
0
0
0
0
0
0
0
0
0
0
0
0
0
0
0
0
0
0
0
0
0
0
0
0
0
0
0
0
0
0
0
0
0
0
0
0
0
0
0
0
0
0
0
0
0
0
0
0
0
0
0
0
0
0
0
0
0
0
0
0
0
0
0
0
0
0
0
0
0
0
0
0
0
0
0
0
0
0
0
0
0
0
0
0
0
0
0
0
0
0
0
0
0
0
0
0
0
0
0
0
0
0
0
0
0
0
0
0
0
0
0
0
0
0
0
0
0
0
0
0
0
0
0
0
0
0
0
0
0
0
0
0
0
0
0
0
0
0
0
0
0
0
0
0
0
0
0
0
0
0
0
0
0
0
0
0
0
0
0
0
0
0
0
0
0
0
0
0
0
0
0
0
0
0
0
0
0
0
0
0
0
0
0
0
0
0
0
0
0
0
0
0
0
0
0
0
0
0
0
0
0
0
0
0
0
0
0
0
0
0
0
0
0
0
0
0
0
0
0
0
0
0
0
0
0
0
0
0
0
0
0
0
0
0
0
0
0
0
0
0
0
0
0
0
0
0
0
0
0
0
0
0
0
0
0
0
0
0
0
0
0
0
0
0
0
0
0
0
0
0
0
0
0
0
0
0
0
0
0
0
0
0
0
0
0
0
0
0
0
0
0
0
0
0
0
0
0
0
0
0
0
0
0
0
0
0
0
0
0
0
0
0
0
0
0
0
0
0
0
0
0
0
0
0
0
0
0
0
0
0
0
0
0
0
0
0
0
0
