0
0
0
0
2
42380
44799
49717
58101
87579
157667
235403
294429
332433
353601
364252
361500
357244
346165
335356
321111
305860
291498
277641
263320
246927
234234
221136
209452
198209
186366
175651
167105
155994
147710
140087
131822
125373
118601
111627
105254
99379
94412
89746
84721
80547
76408
72820
69324
65181
62354
59549
56164
53723
51072
48602
46678
44299
42186
40038
38762
36661
35085
33617
32169
30677
29703
27915
27063
26047
25165
23809
22819
21971
21093
20079
19278
18700
17686
17320
16434
15911
15230
14698
14169
13531
13120
12589
12213
11785
11204
11048
10551
10256
9777
9529
9078
8776
8508
8167
7891
7685
7549
7104
6952
6623
6404
6173
6077
5757
5490
5401
5352
5133
5028
4754
4711
4408
4387
4246
4068
3973
3890
3755
3548
3505
3446
3299
3252
2967
2973
2858
2810
2727
2709
2649
2457
2401
2402
2270
2207
2135
2027
2013
1927
1901
1862
1822
1786
1716
1600
1568
1601
1491
1457
1346
1408
1326
1295
1223
1229
1202
1123
1141
1121
1065
1049
1025
978
985
941
866
852
843
843
818
753
797
700
705
708
708
668
638
588
601
569
580
584
560
535
545
497
501
484
480
454
407
433
415
390
388
377
374
356
308
343
340
316
290
321
302
270
255
248
270
269
253
233
230
247
254
212
229
204
191
187
195
181
183
175
184
164
147
151
148
124
155
145
139
132
104
128
126
126
108
120
97
105
95
120
91
88
99
84
86
77
78
72
76
67
68
71
74
68
66
67
48
57
49
71
58
48
47
59
54
37
38
47
33
48
37
40
31
37
37
31
45
33
39
23
34
29
37
30
25
24
20
25
26
19
20
16
25
17
20
24
20
21
17
22
27
21
11
29
22
24
16
13
15
11
11
12
19
11
15
17
10
13
9
6
14
11
14
9
9
8
10
12
9
10
8
7
14
7
4
7
9
6
3
8
2
6
10
9
9
8
7
6
6
4
6
4
5
4
6
4
2
4
5
9
4
4
5
5
4
4
5
6
2
2
7
6
3
3
3
5
6
10
6
3
3
6
3
3
2
1
4
3
0
1
4
2
3
5
2
2
3
4
3
1
2
4
5
3
5
2
3
3
1
0
2
4
4
1
1
1
3
1
3
3
1
1
1
7
0
2
2
1
2
0
3
2
3
3
0
2
3
1
1
1
5
0
1
1
1
0
1
0
1
2
0
3
1
0
2
0
0
2
3
0
0
1
1
4
2
0
0
1
1
0
0
0
1
1
2
1
2
2
1
0
1
1
3
0
0
0
0
0
2
0
0
2
1
0
0
1
0
0
1
0
0
0
1
0
0
0
0
0
1
1
0
0
1
1
0
0
0
0
0
1
1
0
0
0
0
0
0
0
0
2
0
1
0
0
0
0
0
1
0
2
1
0
1
0
0
0
0
1
0
0
0
2
1
0
0
0
1
0
0
0
0
0
0
0
0
0
1
0
0
0
0
0
0
1
1
0
0
1
0
0
1
0
0
0
1
0
0
0
1
0
0
0
0
0
0
0
0
0
0
0
0
0
1
0
0
0
0
0
0
1
0
0
0
0
0
0
0
0
1
0
0
0
0
0
0
0
1
0
0
0
0
0
0
0
0
0
0
0
0
0
0
0
0
0
0
0
0
0
0
0
0
0
0
0
0
0
0
0
0
0
0
0
0
0
1
0
0
0
0
0
0
0
0
0
0
0
0
0
0
1
0
0
0
0
0
0
0
0
0
0
0
0
0
0
0
0
0
0
0
0
0
0
0
0
0
0
0
0
0
0
0
0
0
0
0
0
0
0
0
0
0
0
0
0
0
0
1
0
0
0
0
0
0
0
0
0
0
0
0
0
0
0
0
0
0
0
0
0
0
0
0
0
0
0
0
0
0
0
0
0
0
0
0
0
0
0
0
0
0
0
0
0
0
0
0
0
0
0
1
0
0
0
0
0
0
0
0
0
0
0
0
0
0
0
0
0
0
0
0
0
0
0
0
0
0
0
0
0
0
0
0
0
0
0
0
0
0
0
0
0
0
0
0
0
0
0
0
0
0
0
0
0
0
0
0
0
0
0
0
0
0
0
0
0
0
0
0
0
0
0
0
0
0
0
0
0
0
0
0
0
0
0
0
0
0
0
0
0
0
0
0
0
0
0
0
0
0
0
0
0
0
0
0
0
0
0
0
0
0
0
0
0
0
0
0
0
0
0
0
0
0
0
0
0
0
0
0
0
0
0
0
0
0
0
0
0
0
0
0
0
0
0
0
0
0
0
0
0
0
0
0
0
0
0
0
0
0
0
0
0
0
0
0
0
0
0
0
0
0
0
0
0
0
0
0
0
0
0
0
0
0
0
0
0
0
0
0
0
0
0
0
0
0
0
0
0
0
0
0
0
0
0
0
0
0
0
0
0
0
