0
0
0
0
0
0
0
24
60
96
99
158
536
2437
9442
22928
39158
55163
67307
77335
83507
87539
90119
91366
91084
88411
86706
84055
81662
78204
74943
71094
68196
64198
60553
56876
52938
49527
45828
42184
38790
35679
33112
30779
28149
25743
23876
21905
20299
18406
16764
15706
14539
13227
12104
11084
10349
9458
8697
7964
7403
6662
6240
5681
5222
4823
4517
3995
3892
3484
3353
3022
2817
2550
2427
2234
2001
2030
1884
1772
1588
1587
1507
1421
1264
1224
1137
1127
1090
1064
959
942
867
889
810
778
771
722
701
690
595
630
614
545
560
559
472
476
483
451
426
434
437
391
392
359
374
333
353
316
309
333
297
287
307
285
284
275
271
241
248
234
234
207
196
206
186
188
152
166
166
173
141
136
133
128
163
151
153
132
119
111
123
129
115
96
100
99
92
82
69
78
74
91
69
78
67
74
58
64
51
73
50
50
61
56
33
53
46
51
40
51
40
30
37
31
26
35
36
27
37
19
32
25
28
16
19
17
19
21
20
18
18
18
16
6
12
13
13
9
11
16
8
10
13
11
4
10
9
5
8
13
10
8
10
7
2
6
4
9
6
2
2
6
6
2
4
5
2
3
2
6
2
4
3
3
3
1
3
2
1
0
1
5
0
2
1
1
4
2
1
0
1
0
3
2
2
0
1
1
3
0
3
0
1
0
0
1
0
2
0
0
1
0
0
1
3
1
1
0
1
0
1
0
1
1
1
2
1
0
1
1
0
0
1
0
1
1
1
1
1
1
1
0
0
1
0
0
1
1
0
0
0
3
0
1
1
1
0
0
1
1
2
0
1
0
0
0
1
0
0
0
0
0
0
0
0
0
0
0
0
0
0
0
1
0
1
1
0
0
0
1
0
0
0
0
0
0
0
0
0
0
0
0
0
0
0
0
0
0
0
0
0
0
0
0
1
1
1
1
0
0
0
0
0
0
0
0
0
0
1
1
0
1
1
0
0
1
0
0
0
0
0
0
1
0
0
0
0
0
0
0
0
0
0
0
0
0
0
0
0
0
1
0
0
0
0
0
0
0
0
0
0
0
0
0
0
0
0
0
0
1
0
0
0
0
0
0
0
0
0
0
1
0
0
0
0
0
0
0
0
0
0
0
0
0
0
0
0
0
0
0
0
0
0
0
0
0
0
0
0
0
0
0
0
0
0
0
0
0
0
0
0
0
0
0
0
0
0
0
0
0
0
0
0
0
0
0
0
0
0
0
0
0
0
0
0
0
0
0
0
0
0
0
0
0
0
0
0
0
0
0
0
0
0
0
0
0
0
0
0
0
0
0
0
0
0
0
0
0
0
0
0
0
0
0
0
0
0
0
0
0
0
0
0
0
0
0
0
0
0
0
0
0
0
0
0
0
0
0
0
0
0
0
0
0
0
0
0
0
0
0
0
0
0
0
0
0
0
0
0
0
0
0
0
0
0
0
0
0
0
0
0
0
0
0
0
0
0
0
0
0
0
0
0
0
0
0
0
0
0
0
0
0
0
0
0
0
0
0
0
0
0
0
0
0
0
0
0
0
0
0
0
0
0
0
0
0
0
0
0
0
0
0
0
0
0
0
0
0
0
0
0
0
0
0
0
0
0
0
0
0
0
0
0
0
0
0
0
0
0
0
0
0
0
0
0
0
0
0
0
0
0
0
0
0
0
0
0
0
0
0
0
0
0
0
0
0
0
0
0
0
0
0
0
0
0
0
0
0
0
0
0
0
0
0
0
0
0
0
0
0
0
0
0
0
0
0
0
0
0
0
0
0
0
0
0
0
0
0
0
0
0
0
0
0
0
0
0
0
0
0
0
0
0
0
0
0
0
0
0
0
0
0
0
0
0
0
0
0
0
0
0
0
0
0
0
0
0
0
0
0
0
0
0
0
0
0
0
0
0
0
0
0
0
0
0
0
0
0
0
0
0
0
0
0
0
0
0
0
0
0
0
0
0
0
0
0
0
0
0
0
0
0
0
0
0
0
0
0
0
0
0
0
0
0
0
0
0
0
0
0
0
0
0
0
0
0
0
0
0
0
0
0
0
0
0
0
0
0
0
0
0
0
0
0
0
0
0
0
0
0
0
0
0
0
0
0
0
0
0
0
0
0
0
0
0
0
0
0
0
0
0
0
0
0
0
0
0
0
0
0
0
0
0
0
0
0
0
0
0
0
0
0
0
0
0
0
0
0
0
0
0
0
0
0
0
0
0
0
0
0
0
0
0
0
0
0
0
0
0
0
0
0
0
0
0
0
0
0
0
0
0
0
0
0
0
0
0
0
0
0
0
0
0
0
0
0
0
0
