0
0
0
0
0
0
0
0
0
0
20
59
159
271
320
400
482
528
530
563
612
648
755
980
1236
1742
2266
3579
5706
9132
13153
17727
22169
26555
30767
35021
38159
40431
43123
45544
46601
48262
48747
49712
50045
50317
50275
50262
50089
49620
48991
48746
47898
47179
46666
46090
45087
44300
43711
42630
41925
40636
39524
38976
38025
37055
36083
35300
34446
33736
33121
31829
30978
30278
29270
28479
27905
26939
26309
25670
25373
24637
23532
22974
22150
21626
21246
20575
19918
19357
19075
18349
17778
17350
16811
16473
15820
15568
15436
14754
14223
14057
13751
13459
13055
12665
12323
11762
11698
11332
11182
10809
10494
10267
9944
9711
9225
9090
8942
8808
8306
8242
8015
7777
7802
7223
7202
6957
6720
6498
6492
6209
6038
5721
5764
5532
5290
5297
5126
4867
4958
4739
4579
4347
4334
4184
4010
3982
3850
3696
3544
3468
3415
3248
3197
2998
3092
2860
2798
2768
2730
2604
2556
2482
2367
2341
2205
2165
2052
2020
2030
1958
1858
1839
1720
1720
1599
1539
1576
1512
1432
1402
1349
1339
1331
1241
1224
1194
1142
1150
1129
1038
1068
956
909
891
935
815
908
835
820
784
794
714
711
660
660
659
644
671
586
556
548
551
540
501
492
494
469
450
435
427
404
372
384
357
369
352
333
365
366
324
296
333
285
257
277
269
218
267
234
235
220
222
217
216
226
206
193
195
196
181
158
171
178
145
155
153
132
142
135
119
114
124
133
132
119
111
126
108
96
97
89
83
99
78
93
87
75
80
73
56
59
63
63
76
63
57
69
46
58
62
47
62
30
44
41
51
39
41
41
41
30
37
38
46
35
42
25
39
23
30
31
35
25
30
32
43
31
43
24
20
18
18
22
21
22
18
21
20
17
20
22
16
12
13
9
22
12
19
22
7
9
21
7
19
11
10
17
11
8
7
12
11
12
18
12
10
14
6
18
14
7
4
3
8
6
5
9
8
6
7
6
5
13
10
6
6
7
7
5
4
5
6
3
5
6
2
6
1
6
3
3
6
7
4
5
2
4
5
6
4
1
5
5
3
4
2
1
1
2
3
3
4
4
5
4
2
3
5
0
4
1
0
3
2
2
1
1
2
1
2
2
1
2
1
5
3
3
1
3
3
1
1
1
1
1
2
3
4
0
1
2
1
2
3
0
1
2
2
0
1
2
1
0
0
1
3
1
0
0
0
1
0
0
2
0
1
1
0
0
1
0
1
1
0
0
1
1
0
1
0
0
0
0
0
0
0
1
1
0
1
0
0
1
1
1
0
2
0
2
1
0
1
0
0
0
0
1
1
0
0
2
1
1
0
0
0
0
0
0
0
0
1
0
1
0
1
1
0
0
1
0
1
0
0
0
0
0
1
0
1
0
0
0
0
0
0
2
0
1
0
1
0
0
0
1
0
0
0
0
0
2
0
0
1
1
0
0
0
0
0
0
0
1
0
0
1
0
0
1
0
0
0
0
0
1
0
0
0
0
0
0
0
0
1
0
0
0
0
0
0
0
0
0
0
0
0
0
0
0
0
0
0
0
0
1
0
1
0
0
0
0
0
0
0
0
0
0
0
0
0
0
0
0
0
0
0
0
0
0
0
1
0
1
0
0
0
0
0
0
0
0
0
0
0
0
0
0
0
1
1
0
0
0
0
0
0
0
0
0
0
0
0
0
0
1
0
0
0
0
0
0
0
0
0
0
0
0
0
0
0
0
0
0
0
0
0
0
0
0
0
0
0
1
0
0
0
0
0
0
0
0
0
0
0
0
0
0
0
0
0
0
0
0
0
0
0
0
0
0
0
0
0
0
0
0
0
0
0
0
0
0
0
0
0
0
0
0
0
0
0
0
0
0
0
0
0
1
0
0
0
0
0
0
0
0
0
0
0
0
0
0
0
0
0
0
0
0
0
0
0
0
0
0
0
0
0
0
0
0
0
0
0
0
0
0
0
0
0
0
0
0
0
0
0
0
0
1
0
0
0
0
1
0
1
0
0
0
0
0
0
0
0
0
0
0
0
0
0
0
0
0
0
0
0
0
0
0
0
0
0
0
0
0
0
0
1
0
0
0
0
0
0
1
0
0
0
0
0
0
0
0
0
0
0
0
0
0
0
0
0
0
0
0
0
0
0
0
0
0
0
0
0
0
0
0
0
0
0
0
0
0
0
0
0
0
0
0
0
0
0
0
0
0
0
0
0
0
0
0
0
0
0
0
0
0
0
0
0
0
0
0
0
0
0
0
0
0
0
0
0
0
0
0
0
0
0
0
0
0
0
0
0
0
0
0
0
0
0
0
0
0
0
0
0
0
0
0
0
0
0
0
0
0
0
0
0
0
0
0
0
0
0
0
0
0
0
0
0
0
0
0
0
0
0
0
0
0
0
