0
0
0
0
1
16119
17152
17669
18198
18967
19691
20362
21160
22202
22937
24605
26803
29663
37050
51530
72057
94628
117152
136197
153219
165274
175510
181597
186484
190270
191332
191849
191045
188816
186935
184615
180805
177651
173567
169453
165140
161823
157067
153205
148821
144121
140713
136702
132853
128167
124114
120835
116540
113513
110391
106938
103787
100151
97954
95023
91660
88933
85343
83260
81059
78279
76456
73708
71757
69745
68186
65396
63302
61451
59610
57788
56319
54661
53131
51692
50778
48833
47479
46247
44707
43475
42456
41286
39974
38680
37987
36925
35843
34712
33686
33077
31758
31149
30575
29702
28662
28173
27429
26610
25921
25316
24666
23772
23455
22560
22313
21874
21079
20649
19934
19471
19033
18666
18057
17873
17244
16671
16548
15970
15952
15137
14940
14767
14216
13897
13509
13219
12880
12512
12261
11922
11544
11540
11147
10852
10841
10464
10219
9921
9727
9535
9247
9171
9014
8708
8564
8348
8065
7972
7692
7545
7579
7223
7049
6809
6845
6656
6492
6274
6278
6157
5915
5855
5667
5591
5579
5476
5300
5271
5069
4974
4768
4700
4676
4493
4477
4343
4199
4189
4136
4071
3936
3772
3725
3754
3696
3407
3510
3361
3350
3276
3222
3054
3138
2989
2914
2977
2892
2827
2702
2656
2636
2538
2605
2510
2383
2382
2335
2213
2262
2194
2151
2068
2047
1955
2023
2036
1843
1841
1912
1702
1743
1731
1679
1710
1643
1583
1512
1580
1474
1524
1495
1430
1350
1406
1383
1327
1242
1281
1145
1233
1210
1163
1160
1108
1172
1072
1093
1048
1080
961
990
987
976
927
937
863
875
777
874
791
820
785
759
774
730
702
711
697
729
658
681
657
620
613
604
610
582
571
584
573
574
552
562
547
518
517
514
476
460
461
461
492
444
443
437
451
393
417
435
382
359
393
394
381
364
374
358
352
316
357
342
325
332
345
298
302
263
259
298
291
279
265
235
223
242
246
236
235
229
250
201
211
186
203
212
217
209
207
187
178
165
175
163
145
162
163
163
155
161
155
142
143
135
109
138
132
136
125
123
123
115
121
122
124
113
116
109
109
109
96
113
100
89
96
83
74
114
91
90
86
76
92
81
89
73
71
80
69
64
76
76
78
60
64
67
64
47
57
65
55
51
59
45
47
45
57
32
59
54
49
46
55
45
42
39
46
38
41
37
38
31
45
32
31
26
36
29
35
32
31
30
31
26
28
18
31
30
28
29
24
18
21
26
23
16
26
19
22
27
23
14
14
20
25
27
24
20
8
16
15
22
21
22
23
9
12
23
16
11
17
17
15
19
13
12
15
13
8
6
14
13
7
15
11
7
6
12
12
11
10
4
15
9
13
3
9
12
15
13
13
8
6
9
9
9
4
6
4
6
7
6
8
11
9
6
7
9
5
7
8
2
5
6
9
4
6
2
1
1
7
9
7
7
4
6
4
10
10
4
9
5
1
3
5
3
5
0
4
6
4
3
3
4
4
3
5
6
0
4
4
2
5
0
5
4
3
4
3
2
1
6
0
0
3
3
2
1
3
6
1
5
6
2
1
2
2
1
2
2
4
2
1
1
1
2
0
3
3
1
1
1
0
1
0
0
4
2
1
3
2
3
1
2
1
0
0
4
1
2
0
3
0
4
2
1
0
1
2
2
1
0
1
0
0
0
0
2
0
0
3
3
0
1
0
1
1
3
1
1
1
1
1
1
0
2
3
0
0
1
1
2
2
2
0
4
3
1
2
0
1
1
2
1
0
4
0
2
1
0
0
2
0
1
1
1
0
1
0
0
2
1
1
2
1
2
0
1
1
0
1
1
1
0
1
1
0
2
0
2
1
0
0
0
0
1
0
0
1
2
1
2
0
0
1
1
0
0
0
0
1
0
1
1
0
0
2
1
0
1
1
0
1
0
0
1
0
0
0
1
0
0
0
1
0
0
0
1
1
0
0
2
0
1
0
1
0
0
0
0
0
0
2
0
0
0
0
0
2
0
0
1
1
1
0
0
0
0
1
1
0
1
0
0
1
0
0
0
1
1
0
0
0
0
1
0
0
0
1
0
0
0
0
2
0
0
0
0
1
0
1
1
2
0
0
0
0
0
0
0
1
1
1
0
0
0
0
0
0
0
1
0
0
0
0
0
0
0
0
0
0
0
1
0
0
0
0
0
0
1
0
1
0
0
0
0
0
2
0
0
1
0
0
0
0
0
0
0
0
1
0
0
1
1
0
0
0
0
0
0
0
0
0
0
0
0
0
0
0
0
0
0
1
0
0
2
0
0
0
0
0
0
0
0
0
0
1
0
0
0
1
0
0
0
0
0
1
0
0
0
0
0
0
0
0
0
0
0
0
0
0
1
0
0
1
0
0
0
1
1
0
0
0
0
0
0
1
0
0
0
0
0
0
0
0
0
0
0
0
0
0
0
1
0
1
0
0
0
1
0
0
0
0
0
0
0
0
0
0
0
0
0
0
0
0
