0
0
0
0
0
0
0
0
0
0
15
57
130
246
302
370
461
507
510
537
572
572
583
644
719
997
1283
2159
3842
6792
10330
14513
18692
22754
26911
31076
34189
36530
39053
41566
42669
44308
44755
45825
46044
46334
46367
46336
46138
45681
45038
44600
43766
43023
42544
41801
40854
40081
39245
38177
37467
36243
34966
34439
33403
32404
31285
30405
29523
28772
27909
26513
25626
24623
23580
22749
21976
20946
20168
19423
18859
18006
17017
16376
15480
14941
14443
13877
13187
12653
12289
11586
11134
10627
10226
9859
9221
9157
8685
8204
7796
7563
7250
7012
6784
6495
6154
5833
5746
5458
5332
5051
4967
4788
4462
4257
4107
3987
3817
3734
3481
3441
3287
3132
3113
2919
2856
2727
2659
2490
2466
2360
2279
2180
2073
2039
2032
1983
1887
1784
1804
1692
1647
1541
1568
1478
1371
1386
1339
1302
1243
1264
1191
1089
1128
1050
1147
1022
1021
969
1013
949
995
865
922
881
852
862
831
805
797
769
746
723
716
703
637
613
630
619
596
632
614
632
591
605
528
573
555
540
484
511
538
519
450
482
451
463
452
419
415
430
413
395
395
397
399
359
394
378
351
341
348
327
334
335
331
312
319
288
306
280
297
277
280
222
276
314
245
296
259
207
219
216
211
220
237
201
207
191
195
192
175
173
167
187
193
174
164
153
167
157
176
144
156
145
133
136
136
120
116
121
123
95
109
96
98
106
113
93
114
97
101
98
95
88
93
69
86
71
69
74
66
60
67
69
52
70
59
71
56
58
55
42
48
45
40
50
50
51
44
40
42
50
50
34
31
33
31
33
35
38
29
23
34
26
24
29
22
33
25
27
27
13
23
29
31
26
16
23
14
14
19
19
18
12
15
23
13
19
13
20
21
18
7
9
15
10
10
10
9
13
13
4
9
12
5
13
9
7
17
6
14
5
17
2
6
11
8
6
7
3
5
6
13
9
5
4
12
4
6
4
8
4
5
6
2
6
6
1
7
3
4
4
5
4
0
3
4
3
4
3
2
3
2
0
2
1
2
1
1
2
3
3
3
3
3
2
0
6
2
2
4
2
3
5
3
0
0
3
1
3
2
1
2
1
4
2
2
0
2
4
2
1
1
0
0
1
2
1
0
1
2
1
2
2
1
0
3
5
2
2
1
1
0
0
0
2
1
0
0
0
1
0
0
1
0
0
1
0
0
1
0
1
1
1
0
3
1
0
1
1
1
1
0
0
0
0
1
0
0
1
0
0
0
1
1
0
2
0
2
0
0
1
0
0
0
0
1
1
0
0
1
1
2
1
0
0
0
0
0
0
0
1
0
0
0
0
0
0
0
1
0
0
0
0
0
0
0
1
0
0
0
0
0
0
0
0
1
0
1
0
1
0
0
1
1
0
0
0
0
0
0
0
0
0
1
0
0
0
0
0
0
0
1
0
0
1
0
0
1
0
0
0
0
0
1
0
0
0
0
0
0
0
0
1
0
0
0
0
0
0
0
0
0
0
0
0
0
0
0
0
0
0
0
0
1
0
1
0
0
0
0
0
0
0
0
0
0
0
0
0
0
0
0
0
0
0
0
0
0
0
0
0
0
0
0
0
0
0
0
0
0
0
0
0
0
0
0
0
1
1
0
0
0
0
0
0
0
0
0
0
0
0
0
0
1
0
0
0
0
0
0
0
0
0
0
0
0
0
0
0
0
0
0
0
0
0
0
0
0
0
0
0
1
0
0
0
0
0
0
0
0
0
0
0
0
0
0
0
0
0
0
0
0
0
0
0
0
0
0
0
0
0
0
0
0
0
0
0
0
0
0
0
0
0
0
0
0
0
0
0
0
0
0
0
0
0
1
0
0
0
0
0
0
0
0
0
0
0
0
0
0
0
0
0
0
0
0
0
0
0
0
0
0
0
0
0
0
0
0
0
0
0
0
0
0
0
0
0
0
0
0
0
0
0
0
0
1
0
0
0
0
1
0
0
0
0
0
0
0
0
0
0
0
0
0
0
0
0
0
0
0
0
0
0
0
0
0
0
0
0
0
0
0
0
0
0
0
0
0
0
0
0
1
0
0
0
0
0
0
0
0
0
0
0
0
0
0
0
0
0
0
0
0
0
0
0
0
0
0
0
0
0
0
0
0
0
0
0
0
0
0
0
0
0
0
0
0
0
0
0
0
0
0
0
0
0
0
0
0
0
0
0
0
0
0
0
0
0
0
0
0
0
0
0
0
0
0
0
0
0
0
0
0
0
0
0
0
0
0
0
0
0
0
0
0
0
0
0
0
0
0
0
0
0
0
0
0
0
0
0
0
0
0
0
0
0
0
0
0
0
0
0
0
0
0
0
0
0
0
0
0
0
0
0
0
0
0
0
