0
0
0
0
0
0
0
0
0
0
0
0
0
0
1
2
8
15
24
35
35
45
61
77
98
120
126
109
170
171
150
167
198
206
184
173
189
203
191
208
198
182
169
177
198
211
193
198
220
238
272
346
407
482
681
995
1498
2053
2825
3704
4609
5583
6566
7559
9019
9840
11012
12232
13259
14227
15482
16080
17227
17846
18692
19411
19906
20313
20764
21457
21561
22132
22030
22720
23071
22728
23200
23092
23510
23637
23362
23415
23181
23305
23492
23208
23300
23125
22627
22933
22754
22463
22068
22006
21846
21895
21501
21270
21102
20818
20479
20241
20008
19994
19665
19371
18895
18942
18582
18341
18036
17817
17373
17074
17188
16780
16576
16406
16066
15753
15646
15385
15030
14747
14331
14093
13934
13637
13455
13292
12897
12682
12396
12229
11942
11810
11493
11263
10939
10692
10546
10309
9925
9902
9574
9295
9135
8902
8700
8588
8321
8235
7905
7657
7410
7427
7346
7206
6900
6766
6582
6436
6119
6177
6158
5972
5765
5711
5644
5345
5194
5200
5013
4854
4798
4633
4632
4401
4335
4327
4055
4113
3897
3893
3850
3664
3656
3527
3420
3379
3315
3146
3179
3041
3030
3010
2830
2800
2763
2696
2642
2602
2533
2479
2494
2349
2324
2194
2224
2225
2056
2061
2046
2023
1924
1878
1809
1845
1797
1752
1649
1672
1619
1604
1569
1546
1588
1447
1447
1479
1365
1365
1319
1278
1315
1261
1243
1195
1118
1167
1132
1081
1092
1126
1063
1010
1070
980
1020
966
958
910
932
922
847
881
827
832
795
784
745
800
770
722
793
683
711
719
662
690
666
613
650
580
645
628
585
597
569
556
576
569
529
506
521
526
524
473
485
482
489
462
453
450
442
439
451
436
449
422
430
420
379
410
416
404
370
397
375
372
358
365
342
357
340
362
320
334
334
317
295
327
300
317
296
296
303
320
301
302
290
248
259
250
267
261
288
245
248
256
235
259
247
237
217
216
235
238
215
234
211
190
196
201
219
185
208
194
173
178
182
192
198
194
166
200
173
180
163
181
151
191
167
158
144
155
154
153
147
157
138
141
145
133
133
122
134
150
135
132
135
150
113
131
113
113
122
132
110
124
105
120
125
116
111
123
97
106
107
125
94
98
90
104
85
96
87
100
93
82
111
94
86
85
96
77
93
85
88
87
78
50
93
66
71
85
78
76
64
70
56
85
71
62
59
70
63
43
54
58
55
56
58
61
68
60
60
61
58
54
56
60
60
55
46
45
53
48
62
50
47
47
41
47
40
39
43
57
46
41
51
36
35
39
37
34
36
34
45
32
36
30
34
38
39
33
38
37
29
28
35
34
23
29
30
28
23
19
33
24
34
33
28
21
23
22
20
23
16
20
27
22
28
14
16
19
19
29
24
23
25
24
25
15
20
13
17
26
15
16
17
14
12
20
17
11
13
14
18
13
12
9
16
12
17
15
10
10
15
13
11
13
12
10
12
5
5
14
7
4
10
7
10
9
9
11
12
18
4
8
4
10
5
7
5
9
12
8
6
7
5
2
8
5
5
2
3
5
8
7
7
6
5
1
5
3
5
4
5
5
3
3
1
1
4
3
3
2
3
4
3
4
3
6
5
7
5
4
4
4
4
4
4
1
4
3
4
3
5
3
2
7
3
1
2
0
1
3
1
1
0
2
7
2
1
3
2
1
2
2
4
2
2
6
1
4
1
1
3
3
2
1
2
2
0
3
1
0
1
0
2
1
2
3
2
0
3
2
1
1
0
0
0
2
0
1
2
2
1
2
0
1
1
1
1
1
0
0
1
2
0
0
1
2
0
0
1
0
2
0
2
1
0
1
1
0
1
0
3
0
0
0
0
1
0
0
0
0
2
0
0
0
0
1
0
0
2
0
0
0
0
1
1
2
0
0
0
2
1
0
1
0
0
3
1
1
3
1
0
1
0
1
0
0
0
1
2
1
0
0
0
2
0
2
1
0
0
0
0
0
0
1
0
0
0
0
1
0
2
0
0
0
1
0
1
0
0
0
1
1
1
0
2
1
0
1
0
0
0
1
1
0
1
0
1
0
0
0
1
0
0
0
0
0
0
0
0
0
0
0
1
0
0
1
0
0
1
0
0
0
0
0
0
0
0
0
0
0
2
0
2
0
0
0
0
0
0
0
0
0
0
1
0
1
0
0
0
0
0
1
0
2
0
0
0
0
0
0
0
0
0
0
0
0
0
0
0
0
0
0
0
0
0
0
0
0
0
0
0
0
0
0
0
0
0
0
0
0
0
0
0
0
0
0
0
0
0
0
0
0
0
0
0
0
0
0
0
0
0
0
0
0
0
0
0
0
0
0
0
0
1
0
0
0
0
0
0
0
0
0
0
0
0
0
0
0
0
0
0
0
0
0
0
0
0
0
0
0
0
0
0
0
0
0
0
1
0
0
0
0
