0
0
0
0
0
0
0
0
0
0
0
0
0
0
2
4
11
19
25
38
37
50
66
86
101
132
139
118
182
179
154
174
201
211
189
180
196
206
196
218
210
202
192
212
247
292
313
351
405
454
519
658
759
857
1145
1563
2236
2882
3805
4771
5750
6910
7919
9063
10490
11412
12637
13963
14977
15932
17180
17813
18956
19592
20374
21162
21687
21986
22510
23146
23274
23793
23748
24335
24729
24417
24813
24716
25166
25372
24953
25118
24841
24948
25089
24789
24956
24800
24306
24658
24471
24114
23809
23690
23565
23592
23215
22998
22866
22562
22236
22021
21866
21798
21513
21205
20782
20801
20557
20310
19983
19747
19304
19045
19186
18819
18583
18405
18152
17703
17687
17517
17058
16882
16464
16283
16198
15846
15648
15683
15302
15044
14724
14716
14466
14273
13950
13805
13421
13372
13183
12911
12630
12590
12136
12185
11851
11726
11509
11320
11210
11251
10841
10544
10375
10308
10248
10323
9937
9766
9668
9446
9159
9177
9150
8963
8854
8740
8607
8324
8100
8215
7867
7828
7785
7545
7613
7258
7160
7265
6850
6864
6624
6626
6687
6595
6476
6299
6161
6153
5970
5780
5890
5694
5659
5631
5447
5446
5336
5258
5142
5107
5018
4917
4910
4806
4702
4619
4531
4575
4384
4309
4400
4233
4129
4018
3953
3908
3849
3852
3703
3739
3660
3626
3501
3458
3498
3317
3323
3345
3209
3214
3101
3062
3131
3012
2886
2849
2753
2789
2814
2709
2661
2674
2632
2519
2533
2372
2421
2369
2316
2305
2330
2288
2171
2233
2083
2079
1993
2026
1957
1944
1916
1889
1932
1861
1817
1844
1780
1765
1716
1611
1671
1589
1592
1591
1499
1500
1510
1407
1457
1427
1346
1326
1310
1291
1336
1317
1232
1222
1250
1175
1157
1161
1125
1103
1108
1111
1033
1050
1054
1051
949
965
1031
936
980
913
922
868
913
811
823
837
857
816
812
776
723
727
740
709
722
685
717
663
687
648
625
689
617
596
635
588
568
538
603
537
531
548
532
468
492
502
468
464
503
489
480
492
405
416
404
440
428
414
378
397
373
357
387
395
357
315
347
328
336
348
330
318
323
289
268
302
283
297
272
242
285
272
253
238
235
233
248
236
220
244
209
243
224
217
207
220
212
208
185
190
192
174
175
197
184
178
200
158
160
148
166
165
142
147
132
132
126
139
183
139
132
138
147
145
124
117
121
127
124
104
117
103
97
96
99
98
101
92
90
106
98
82
78
101
98
76
93
96
80
74
81
77
87
78
83
71
76
77
69
87
65
63
77
60
70
69
56
53
57
47
63
57
60
61
58
54
65
46
58
68
46
40
56
53
34
39
44
39
42
44
44
46
53
34
36
33
36
45
42
33
28
35
25
34
41
32
35
42
25
28
39
24
26
28
22
32
25
21
33
21
25
17
19
30
21
21
23
22
18
27
21
20
26
17
20
17
24
31
22
17
18
21
11
20
18
14
18
16
16
17
14
13
17
17
15
10
13
14
18
8
13
11
15
9
13
13
11
10
10
14
6
10
8
5
10
8
7
15
10
13
8
17
11
12
12
5
6
7
11
10
8
8
4
7
8
9
6
3
4
4
7
10
7
4
7
5
4
7
4
4
1
6
4
4
6
4
7
8
5
5
3
7
6
2
4
7
6
5
4
5
8
2
4
2
1
4
5
4
7
3
5
2
3
3
1
2
2
7
1
1
5
4
3
1
4
0
0
3
3
1
2
5
3
4
3
7
1
6
1
2
4
1
1
3
9
5
0
1
2
1
0
0
1
5
0
2
3
2
2
1
4
1
0
0
0
3
0
2
0
5
2
2
1
1
2
0
1
2
0
0
1
2
1
0
2
1
0
2
0
0
0
0
2
3
1
0
1
0
1
0
2
0
0
0
0
2
0
0
1
0
3
0
0
0
0
0
0
1
1
0
0
0
1
0
0
1
1
0
0
0
0
0
1
1
0
1
0
1
2
2
0
0
0
1
1
0
1
2
2
1
0
0
0
1
0
1
2
0
1
0
0
1
1
1
1
0
1
1
1
0
1
0
0
0
1
0
1
0
0
0
0
2
0
0
0
0
0
0
0
0
0
1
0
0
1
0
1
0
0
0
2
3
0
1
0
0
0
0
1
0
0
0
0
0
0
0
0
0
1
0
0
0
0
0
0
0
0
0
0
0
1
0
1
0
1
0
0
0
0
0
0
0
0
0
0
0
0
0
0
0
0
1
0
1
0
0
0
0
0
0
0
0
0
0
0
0
0
0
0
0
0
0
0
0
0
0
0
0
0
0
0
0
0
0
0
0
0
0
0
0
0
0
0
0
0
0
0
0
0
0
0
0
0
0
0
1
0
0
0
0
0
0
0
0
0
0
0
0
0
0
0
0
1
0
0
0
0
0
0
0
0
0
0
0
0
0
0
0
0
0
0
0
0
0
0
0
0
0
0
0
0
0
0
0
0
0
0
1
0
0
0
0
