0
0
0
0
1
3702
4086
4350
4651
4573
4852
4842
5084
5232
5323
5312
5568
5699
5912
5849
6020
6118
6228
6327
6581
6717
6889
6957
7271
7742
7775
8080
8571
9234
9707
10705
12607
15708
19713
24541
30422
36694
42824
49623
56546
61569
67650
72953
77081
80893
83907
87754
90826
92724
93588
95380
97295
97708
98493
99360
98851
99405
99287
99228
99096
98558
97502
97655
96203
95236
94953
93506
93043
91568
90620
89503
88946
87487
85950
84982
83659
82531
81403
80139
79344
77809
76792
75393
74475
73626
72178
70976
69647
68655
67792
66445
65388
64410
62988
62849
61152
59979
59001
58247
57210
56326
55495
54365
53627
52648
51579
50592
49789
49302
48213
47830
46744
45624
45117
44206
43511
42617
41893
41103
40804
39970
39416
38457
38201
37303
36648
36379
35618
35002
34052
33367
33353
32587
32045
31953
31173
30533
30080
30027
29256
28903
28324
27875
27032
26790
26418
26028
25609
25157
24519
24174
23914
23430
22994
22901
22521
22170
21741
21264
20928
20672
20333
20506
19871
19598
19100
18985
18303
18395
18304
17768
17781
17323
17122
16880
16485
16270
15922
15660
15468
15234
15190
14744
14515
14621
13884
13877
13508
13438
13399
13220
13189
12762
12511
12287
11961
11946
11761
11656
11413
11171
11185
11069
10750
10739
10388
10319
10143
10152
10079
9819
9499
9472
9272
9221
9134
8890
9015
8645
8487
8288
8211
8224
7983
7957
7810
7801
7675
7487
7365
7368
7318
6943
7017
6933
6896
6729
6668
6541
6536
6445
6229
6289
6071
6046
6009
5767
5718
5709
5554
5634
5411
5315
5424
5280
5228
5056
5186
4920
4931
4877
4758
4590
4529
4620
4519
4339
4336
4346
4329
4305
4080
4101
4090
3977
4040
3873
3819
3803
3788
3733
3623
3525
3573
3454
3393
3505
3376
3294
3259
3237
3207
3174
3070
3059
3029
3020
2929
2911
2811
2827
2782
2744
2768
2693
2681
2614
2549
2499
2646
2514
2453
2449
2375
2421
2346
2316
2189
2158
2206
2211
2151
2090
2114
2047
2039
2007
2016
1977
1983
1926
1945
1925
1828
1915
1796
1792
1812
1788
1698
1676
1723
1675
1620
1653
1593
1554
1492
1573
1465
1436
1483
1541
1369
1452
1396
1362
1295
1401
1345
1329
1260
1271
1233
1203
1192
1275
1181
1202
1150
1159
1153
1180
1125
1093
1030
1055
1025
956
1035
1051
995
928
969
972
956
913
898
906
882
879
841
921
806
848
854
863
790
853
754
785
779
784
760
744
733
719
742
714
763
685
688
651
661
692
655
625
641
618
582
580
639
592
575
544
632
614
569
508
556
538
555
507
531
519
502
454
511
479
451
455
502
470
470
415
447
482
457
413
423
451
426
353
400
400
411
405
395
359
364
377
368
386
364
356
372
318
327
335
307
309
315
308
344
298
307
310
314
296
326
274
285
293
289
249
292
267
245
248
254
234
260
241
252
259
264
214
223
216
220
246
237
238
225
187
178
224
194
195
202
216
166
181
191
174
174
205
180
165
166
166
175
154
154
141
156
159
153
154
139
158
148
156
141
143
132
150
146
124
152
155
126
154
122
119
120
120
123
109
124
108
123
102
106
110
94
108
109
104
109
109
111
95
98
101
81
86
79
95
84
84
78
99
69
84
71
80
69
93
81
91
85
84
76
80
91
79
57
76
53
56
73
69
62
59
57
61
70
59
58
60
49
66
61
48
63
58
55
48
38
39
45
46
28
36
39
52
44
58
46
37
49
45
38
52
33
32
37
42
41
39
28
44
55
41
37
36
37
42
42
36
47
27
41
34
37
31
40
32
26
37
31
35
36
26
19
34
31
20
32
26
38
23
18
28
23
33
30
28
18
32
21
20
26
25
15
28
19
26
10
22
24
18
10
16
21
28
20
16
20
21
12
12
15
8
6
18
16
17
17
13
21
18
15
17
10
17
15
10
9
16
13
11
16
12
8
16
10
19
11
10
9
10
10
7
9
13
6
10
12
9
10
11
12
5
11
10
4
7
11
14
13
4
13
9
6
10
4
3
8
9
11
5
2
6
10
5
6
11
11
6
4
10
4
10
5
6
8
12
2
12
6
7
5
7
4
4
3
2
5
7
14
1
4
3
8
10
3
9
3
6
5
3
2
5
2
4
2
7
6
6
5
7
9
2
1
5
10
0
6
2
2
4
4
5
4
0
4
4
4
6
5
4
3
3
3
5
2
1
1
2
3
4
5
5
2
3
2
1
4
2
3
2
4
3
3
2
4
5
5
2
4
3
2
1
1
2
3
1
1
2
3
2
3
1
4
2
1
1
0
3
4
1
2
3
3
3
4
2
0
1
2
1
3
3
1
4
0
2
1
3
1
1
0
0
2
2
0
0
1
1
2
4
3
2
3
1
1
2
0
2
2
0
0
2
0
1
3
1
0
2
0
3
3
2
0
2
0
1
1
3
2
2
0
0
0
0
1
1
1
0
0
1
1
2
0
2
1
1
0
0
1
2
0
0
2
2
0
0
1
0
0
1
2
2
0
1
0
0
2
0
1
0
0
0
0
0
0
0
0
1
1
1
1
0
1
2
0
0
1
1
1
2
1
0
