0
0
0
0
0
0
0
0
0
0
0
0
0
0
0
0
0
0
1
1
4
2
3
3
6
9
11
10
14
16
21
18
19
25
30
35
42
37
39
46
43
63
49
54
67
55
76
65
57
52
69
65
59
72
84
71
65
66
73
64
59
75
84
82
74
64
58
69
90
73
79
70
87
99
111
108
126
156
179
213
223
346
428
559
794
1057
1347
1722
2025
2434
2861
3294
3735
4253
4791
5251
5794
6346
6991
7481
7881
8321
9021
9361
9852
10370
10751
11176
11472
11893
12426
12501
12849
13267
13601
13562
13906
14267
14359
14458
14777
14771
14815
15264
15287
15298
15366
15457
15773
15702
15755
15577
15792
15702
15805
15931
15684
15810
15739
15568
15665
15588
15610
15497
15387
15657
15308
15262
15381
15100
15067
14884
15078
14831
14809
14610
14485
14436
14394
14207
14207
14166
13905
13754
13676
13766
13385
13392
13280
13060
13209
13012
12704
12672
12581
12221
12561
12007
12054
11882
11750
11688
11695
11419
11313
11104
11021
10916
10671
10459
10430
10496
10357
10112
10113
9916
9822
9879
9674
9443
9192
9154
9235
9180
8793
8779
8600
8585
8420
8376
8171
8154
8027
7779
7719
7599
7567
7419
7307
7213
6998
6931
6938
6697
6605
6543
6483
6277
6172
6175
6164
5949
5853
5749
5658
5465
5482
5271
5334
5227
5054
5036
4933
4974
4793
4685
4679
4604
4470
4485
4354
4191
4219
3974
4055
3974
3968
3904
3781
3753
3662
3715
3446
3542
3431
3323
3248
3299
3194
3192
3249
3195
3044
2880
2971
2840
2745
2753
2679
2613
2634
2645
2486
2412
2366
2297
2361
2366
2318
2303
2267
2128
2192
2124
2043
2044
1963
1945
1955
1930
1844
1860
1842
1806
1643
1725
1698
1710
1686
1634
1639
1546
1571
1518
1473
1479
1450
1495
1378
1385
1334
1396
1319
1253
1302
1268
1299
1280
1254
1233
1131
1163
1080
1074
1127
1060
1077
1070
960
1025
962
991
930
927
964
913
864
900
939
867
877
888
847
832
859
780
771
738
729
745
768
752
764
683
678
661
655
712
690
638
672
595
643
642
613
614
591
618
534
571
558
565
562
537
556
511
483
496
508
526
485
484
487
415
447
423
402
470
449
410
421
403
425
417
394
424
392
392
370
382
377
339
371
363
342
346
329
339
362
341
331
326
346
302
328
294
327
259
315
304
265
295
265
307
293
248
275
258
256
246
248
272
262
247
269
226
241
264
221
249
230
218
202
209
236
208
191
202
203
204
212
203
224
215
204
184
186
175
191
205
189
192
182
171
171
163
156
163
166
177
190
159
142
153
173
161
142
162
172
146
167
140
140
141
138
150
157
129
144
117
124
130
147
147
114
156
134
140
137
136
115
105
124
143
115
118
118
119
121
107
105
105
120
114
111
107
91
104
86
108
91
94
100
102
103
108
92
110
81
94
102
92
94
83
103
83
86
92
92
88
87
76
88
80
79
68
87
81
89
76
62
82
66
80
55
65
83
60
67
76
70
79
83
84
80
51
73
58
76
57
73
58
61
49
56
51
75
55
67
62
63
61
59
47
49
54
49
47
55
52
51
36
53
45
40
46
52
41
47
51
42
51
45
46
47
49
35
41
52
45
46
43
39
43
36
47
44
35
44
42
41
32
42
36
39
39
36
46
38
35
38
34
36
38
39
37
30
41
33
36
34
40
27
38
30
35
39
29
27
30
25
30
23
20
33
30
28
16
34
24
28
26
26
24
30
19
24
22
20
32
31
32
24
27
23
13
24
25
22
24
21
27
21
16
25
16
22
10
25
12
17
12
17
20
13
13
18
15
15
16
19
15
16
12
18
23
12
21
28
19
14
13
20
14
16
14
21
11
12
13
11
16
13
18
13
16
9
11
16
16
12
11
12
10
16
12
9
9
9
9
9
12
5
13
10
16
14
14
16
9
13
7
8
13
7
7
8
8
8
7
7
11
6
3
8
9
5
10
9
9
14
0
6
5
10
8
12
8
5
10
8
9
4
8
2
6
8
5
0
8
5
9
5
9
9
2
3
4
3
6
7
7
6
2
2
6
4
1
3
4
4
4
4
3
4
2
4
4
5
7
4
8
5
2
4
2
4
5
1
2
1
7
6
4
3
2
3
4
1
0
4
3
6
6
4
2
3
2
2
3
2
4
6
1
2
3
2
1
4
4
2
2
3
1
3
4
2
0
2
1
4
0
2
3
0
2
4
1
2
1
1
4
1
1
3
3
2
0
1
0
2
2
2
1
0
1
2
0
2
1
2
1
2
3
0
1
0
1
2
1
0
0
0
1
0
0
3
1
1
1
0
1
1
1
0
0
1
1
1
2
2
1
0
1
0
1
2
1
3
1
1
3
0
0
0
1
0
1
1
0
0
1
0
2
1
1
0
0
1
2
2
0
1
0
0
0
0
0
0
1
1
0
1
1
2
0
0
1
0
0
2
2
0
2
1
1
1
0
0
0
