0
0
0
0
0
0
0
0
0
0
0
0
0
0
0
0
0
0
0
0
1
1
2
1
3
6
8
8
16
15
17
19
13
25
25
37
43
33
37
41
43
56
47
54
66
56
74
66
58
55
68
65
57
69
81
69
63
67
73
60
58
78
82
87
85
79
78
88
122
114
133
135
171
170
201
211
245
280
320
354
413
571
659
866
1176
1500
1862
2272
2586
3066
3573
4021
4540
5031
5668
6192
6666
7338
7888
8512
8904
9357
10061
10472
10926
11440
11790
12310
12487
12976
13517
13624
13963
14320
14667
14605
14970
15308
15398
15526
15784
15762
15861
16332
16334
16305
16333
16463
16845
16686
16749
16594
16800
16725
16789
16906
16684
16726
16773
16518
16658
16574
16599
16471
16323
16662
16287
16237
16334
16071
16045
15893
16071
15816
15821
15582
15395
15422
15391
15245
15230
15139
14955
14826
14751
14850
14438
14431
14330
14177
14342
14190
13824
13777
13715
13361
13721
13139
13283
13054
12902
12843
12888
12682
12573
12255
12276
12197
11886
11730
11588
11739
11626
11309
11376
11146
11092
11186
10920
10743
10497
10461
10602
10511
10147
10190
10010
10044
9831
9830
9677
9581
9516
9233
9222
9164
9110
8955
8852
8767
8595
8556
8559
8262
8275
8242
8107
7930
7899
7866
7857
7743
7582
7504
7422
7244
7220
7092
7126
7006
6811
6839
6801
6744
6569
6589
6493
6435
6257
6294
6090
6002
6040
5814
5936
5797
5812
5696
5599
5589
5528
5589
5283
5334
5237
5122
5029
5158
5004
5000
5040
4927
4844
4677
4774
4544
4481
4511
4375
4306
4345
4358
4205
4104
4042
3940
4051
4063
3965
3965
3944
3786
3781
3752
3674
3598
3640
3490
3531
3506
3409
3505
3424
3304
3153
3286
3239
3272
3212
3186
3118
2995
3072
2928
2875
2964
2874
2908
2847
2765
2724
2841
2634
2527
2669
2627
2600
2594
2521
2554
2505
2500
2339
2302
2373
2277
2333
2268
2135
2244
2143
2174
2033
2098
2158
2042
2006
2059
2063
1948
2060
1995
1972
1890
1964
1790
1815
1721
1738
1795
1785
1813
1748
1641
1666
1573
1595
1576
1611
1545
1568
1519
1502
1494
1492
1476
1426
1446
1413
1371
1364
1363
1323
1279
1315
1305
1317
1255
1253
1283
1245
1220
1222
1132
1159
1118
1069
1161
1136
1066
1112
1067
1073
1054
1052
1025
1037
1015
1013
1015
983
936
917
907
885
930
898
876
935
853
892
856
888
824
836
775
809
765
774
775
746
738
744
712
734
690
746
695
666
666
685
713
676
629
667
581
626
646
602
605
591
574
545
588
543
535
518
545
516
515
517
561
531
531
489
470
485
493
500
480
474
443
454
429
441
447
423
400
428
449
397
412
389
397
411
431
395
399
371
376
378
379
343
337
343
357
335
286
344
317
320
323
322
344
293
321
310
285
322
294
270
238
290
293
293
257
246
250
257
247
226
219
238
232
254
223
235
213
210
216
200
195
243
200
189
202
184
212
186
183
200
192
183
173
181
156
202
186
147
163
185
145
163
191
141
151
145
141
179
150
137
159
146
150
137
139
133
135
126
128
143
135
129
128
121
122
129
110
102
101
99
108
112
102
122
99
104
77
115
105
94
111
100
79
78
92
77
91
82
83
92
74
69
67
79
86
71
80
75
77
77
70
63
70
64
80
67
61
75
66
63
73
66
72
65
71
65
57
60
52
57
53
55
53
53
60
50
60
46
50
55
36
62
52
42
52
41
60
42
43
49
51
54
45
48
36
45
51
41
40
40
53
48
34
33
32
43
32
40
44
26
28
32
34
30
29
32
37
39
34
42
30
34
21
28
24
32
23
32
25
36
25
28
26
25
18
26
23
20
26
14
23
19
24
30
21
17
26
26
18
22
25
12
15
17
23
14
29
31
20
14
18
18
12
17
19
18
16
15
15
21
20
17
26
16
27
10
14
16
17
14
19
10
17
10
12
18
9
19
12
11
11
8
15
17
13
17
8
17
12
17
14
9
10
14
11
10
15
8
12
9
16
9
11
8
13
5
9
10
4
13
5
9
10
6
9
13
13
7
12
8
5
3
5
6
14
10
6
8
10
5
3
4
8
2
3
1
6
6
6
4
2
9
6
6
3
3
1
4
7
8
5
5
6
7
5
5
3
4
3
8
3
5
2
3
2
5
0
3
3
5
8
7
4
2
3
2
7
5
1
4
0
5
4
3
3
4
1
2
3
4
1
3
2
1
3
3
6
5
5
2
4
1
3
4
3
3
3
3
2
4
1
2
5
2
4
3
1
3
3
0
1
3
1
6
3
2
2
1
2
4
1
3
2
3
1
1
2
2
3
3
1
1
1
0
1
4
1
1
0
4
1
1
1
1
2
2
0
2
1
1
2
0
3
0
0
2
2
1
1
5
1
0
3
1
1
1
1
3
2
1
1
3
1
0
0
0
1
4
4
2
1
1
2
0
2
1
0
0
3
1
1
1
1
0
0
0
0
1
0
0
0
1
4
1
0
0
0
0
1
0
1
0
2
1
1
1
0
0
2
