0
0
0
0
0
1078
1223
1317
1420
1487
1547
1559
1670
1749
1771
1799
1981
1960
1961
1912
1904
2089
2096
2077
1989
2095
2170
2134
2178
2254
2224
2289
2361
2338
2442
2472
2502
2530
2696
2768
2719
2848
2854
2991
3088
3176
3348
3361
3587
3797
4092
4286
4556
4986
5891
7135
8623
10855
13011
15602
18111
20932
24155
27118
30301
33617
36151
39549
42217
45326
47650
49976
51677
54567
56026
57361
59127
60820
61751
62875
63607
64256
65216
65641
66318
67136
67179
67376
68214
68168
68832
68127
68337
68369
67985
67949
67420
67531
67637
67205
66751
65825
66041
65817
65386
64699
64601
63761
63361
62611
62349
61480
61124
60986
60171
59503
59168
58573
57936
57320
56479
56079
55428
55249
54803
54054
53115
52966
52393
51428
50834
50409
49864
49109
48457
48462
47349
46949
46386
45750
45285
44723
44412
43683
43073
43104
42200
41680
41428
40631
40484
39711
39467
38938
38512
37985
37537
37182
36704
36196
35844
35442
34922
34538
34036
33790
32914
32836
32464
31934
31816
31601
30479
30515
30266
29689
29713
28891
28610
28465
27895
27659
27521
26993
26587
26444
26154
25702
25167
24971
24663
24602
24265
23770
23558
23320
23120
22793
22248
22275
21907
21653
21804
21207
20946
20930
20370
20327
19923
19839
19609
19493
19125
18642
18533
18504
18279
17849
17878
17518
17128
17293
16967
16650
16646
16501
16142
15846
15762
15668
15682
15305
15075
15026
14677
14493
14367
14101
14230
14033
13723
13715
13467
13202
13036
12973
12858
12794
12547
12454
12168
12047
12002
11722
11735
11604
11575
11387
11230
11159
10987
10987
10714
10689
10510
10295
10140
10352
9974
9977
10070
9717
9611
9388
9440
9283
9141
9108
8993
8744
8655
8759
8563
8423
8261
8089
8127
8182
7907
8020
7929
7659
7779
7570
7548
7380
7339
7178
7153
7128
6901
7050
6822
6761
6646
6720
6528
6558
6520
6462
6399
6178
6203
6062
6032
6025
5820
5863
5805
5844
5647
5701
5593
5374
5451
5422
5357
5312
5252
5213
5168
5056
5042
4868
4866
4781
4765
4755
4616
4607
4578
4543
4415
4495
4400
4279
4296
4310
4305
4093
4281
4184
4107
4037
4061
3861
3822
3794
3745
3801
3741
3749
3670
3623
3576
3467
3477
3493
3478
3374
3366
3337
3292
3329
3266
3150
3125
3170
3091
2994
3050
3001
2921
2918
2974
2900
2911
2821
2817
2779
2725
2812
2679
2539
2594
2598
2474
2494
2562
2440
2537
2461
2415
2387
2420
2293
2322
2346
2337
2246
2276
2160
2169
2126
2137
2178
2150
2090
2144
2034
2129
1990
2005
1949
2021
1873
1913
1861
1911
1781
1812
1809
1836
1775
1734
1725
1815
1743
1723
1693
1685
1735
1638
1604
1536
1503
1545
1616
1537
1505
1493
1404
1422
1433
1409
1415
1298
1428
1380
1316
1403
1339
1331
1334
1251
1259
1277
1213
1278
1243
1215
1193
1211
1137
1178
1153
1141
1085
1101
1125
1104
1140
1078
1109
1092
1100
1037
1000
1062
1046
1027
1012
972
930
923
975
966
908
946
920
895
886
853
919
854
871
828
835
831
876
785
774
829
814
778
753
753
769
772
714
685
699
741
745
737
724
675
670
656
653
667
637
651
625
630
626
634
678
597
591
602
632
615
564
555
555
590
613
489
536
553
520
553
544
471
509
488
459
565
512
448
514
490
492
469
466
462
443
437
461
431
468
453
491
439
412
404
420
402
404
380
424
401
373
395
370
380
360
421
365
365
343
387
336
352
338
316
323
320
309
358
297
311
308
323
312
311
295
291
315
302
315
274
292
271
316
257
259
265
287
278
249
267
265
283
275
238
232
262
248
233
233
256
232
233
270
228
226
215
208
216
212
241
227
213
216
203
224
204
210
205
193
230
189
183
193
205
178
164
186
177
185
171
156
164
199
177
157
198
185
152
161
152
137
166
148
158
149
158
147
178
156
146
145
140
143
138
140
141
145
148
125
135
137
129
122
124
125
142
130
120
102
128
126
103
109
98
104
109
92
102
105
104
100
105
115
88
106
113
93
90
82
85
84
89
93
90
92
88
87
93
99
102
85
80
102
84
85
82
65
74
80
84
72
79
67
65
64
78
69
66
69
75
74
71
76
76
56
75
65
68
65
70
64
60
59
57
56
42
65
50
56
63
64
62
55
45
56
55
52
67
53
41
47
55
44
53
59
41
49
58
52
35
44
38
50
41
42
43
40
45
38
34
53
38
42
42
29
33
35
33
42
44
32
38
32
29
25
25
37
30
31
41
29
36
31
30
28
34
33
33
30
30
29
27
29
28
22
41
20
28
36
25
20
16
21
25
34
25
18
24
16
29
32
22
27
29
18
23
22
22
13
19
18
11
24
18
22
18
18
18
17
25
27
23
22
18
21
14
16
16
12
11
22
16
17
20
16
14
14
8
18
17
13
19
22
12
14
12
13
20
14
15
6
20
16
8
13
13
10
7
12
15
13
7
7
16
8
7
17
12
17
14
9
9
13
12
11
11
14
7
11
9
10
7
4
9
10
9
19
9
12
6
10
7
8
8
12
12
4
11
10
16
11
4
4
7
5
14
9
7
6
9
9
6
10
8
8
6
7
13
7
12
7
7
4
5
3
7
12
9
4
4
8
6
5
7
9
4
3
8
9
6
15
8
6
9
9
8
6
