0
0
0
0
0
0
0
0
0
0
0
0
0
0
0
0
0
0
0
0
0
0
0
0
0
0
0
0
0
0
0
0
0
0
0
0
0
0
0
0
0
0
0
0
0
0
0
0
0
0
0
0
0
0
0
0
0
0
0
0
0
0
0
0
0
0
0
0
0
0
0
0
0
0
0
0
0
0
0
0
0
0
0
0
0
0
0
0
0
0
0
0
0
0
0
0
0
0
0
0
0
0
0
0
0
0
0
0
0
0
0
0
0
0
0
0
0
0
0
0
0
0
0
0
0
0
0
0
0
0
0
0
0
0
0
0
0
0
0
0
0
0
0
0
0
0
0
0
0
0
0
0
0
0
0
0
0
0
0
0
0
0
0
0
0
0
0
0
0
0
0
0
0
0
0
0
0
0
0
0
0
0
0
0
0
0
0
0
0
0
0
0
0
0
0
0
0
0
0
0
0
0
0
0
0
0
0
0
0
0
0
697
1950
2348
2660
2954
3364
4070
5189
6415
8190
10026
11741
13681
15932
18062
20255
22036
23973
25935
27684
29520
31091
32753
34255
35958
37230
38473
40371
41403
42756
43273
44742
45531
46722
47226
48286
49267
49871
50635
51566
52196
52748
53174
53311
54137
54199
54934
55565
55416
56394
56387
56197
56887
57172
56864
57139
57473
57415
57709
58087
57881
57664
57729
57301
57990
57659
57043
57388
57271
57340
57373
57026
56294
56577
56882
57008
56353
56137
56269
55561
55329
55256
54847
54473
54722
53860
53621
53627
53558
53473
52254
52478
52195
52105
51739
51377
51114
50941
50404
50693
49746
49208
49421
48820
48563
48763
48229
47726
47338
46744
46267
46332
46184
45714
45296
45049
44555
44179
44043
43424
43324
43082
42600
42196
41767
41703
41414
40890
40634
40080
39574
39639
38930
38846
38516
38452
38027
37640
37061
37008
36832
36402
36072
35811
35056
35177
34972
34670
34001
33764
33662
33300
32921
32639
32743
32125
31730
32021
31164
30962
30851
30640
30252
30133
29409
29596
29198
29079
28820
28036
28019
27921
27646
27416
27260
26981
26487
26385
25877
25842
25616
25377
25121
24853
24650
24512
24320
24117
23787
23221
23557
23094
22778
22602
22325
22496
22035
21865
21544
21302
21120
21049
20502
20666
20268
20115
20111
19815
19405
19291
19346
18956
19152
18862
18400
18257
18041
17971
17846
17664
17489
17470
17426
16868
16808
16542
16293
16162
16303
15921
15936
15508
15605
15416
14965
14926
14797
14530
14490
14541
14029
14224
13832
13885
13860
13702
13631
13384
13121
13107
13007
13135
12845
12469
12403
12528
12416
11979
11912
11968
11652
11822
11531
11501
11278
11130
11164
11040
10828
10773
10875
10501
10459
10370
10239
10087
10155
9977
9828
9747
9563
9662
9409
9394
9256
9186
9055
9035
8888
8795
8818
8526
8842
8526
8383
8187
8205
8217
8076
8138
8020
7823
7777
7636
7716
7499
7600
7433
7377
7298
7173
7146
7015
6985
7018
6736
6711
6656
6652
6646
6566
6540
6336
6238
6298
6364
6306
6069
6048
5844
5946
5824
5655
5573
5701
5574
5567
5502
5369
5322
5411
5220
5391
5241
5247
5093
5020
4907
4999
4865
4790
4899
4777
4779
4709
4511
4467
4417
4493
4298
4532
4319
4280
4390
4244
4101
4208
4118
4063
4014
3989
3871
3908
3884
3820
3746
3822
3783
3694
3576
3597
3547
3467
3506
3620
3573
3329
3343
3364
3242
3254
3290
3243
3193
3070
3131
3048
3071
3027
2984
2925
2904
2987
2771
2869
2844
2861
2790
2672
2672
2581
2693
2617
2657
2598
2610
2557
2600
2516
2539
2404
2378
2373
2384
2295
2254
2224
2355
2197
2308
2281
2176
2167
2126
2114
2126
2076
2018
2058
1923
1965
1928
1969
1895
1935
1932
1879
1895
1863
1839
1818
1772
1815
1803
1764
1714
1747
1745
1667
1556
1651
1569
1584
1564
1559
1549
1520
1557
1473
1505
1560
1475
1449
1478
1466
1479
1426
1410
1334
1362
1340
1365
1317
1319
1250
1311
1191
1210
1263
1245
1183
1172
1207
1219
1217
1194
1066
1143
1142
1117
1121
1067
1125
1104
1059
1040
1038
995
1018
1019
992
1005
1011
969
930
1003
962
910
931
899
929
920
897
873
895
833
879
847
828
819
836
811
857
745
794
777
832
793
727
750
735
755
775
779
774
725
696
688
693
700
634
666
692
641
696
687
653
644
646
588
651
616
560
572
564
609
575
528
604
548
574
565
561
605
531
521
564
525
568
478
468
515
481
497
458
498
472
447
409
479
504
479
469
447
447
442
408
418
438
427
406
432
408
382
383
408
400
382
397
390
368
391
368
367
341
362
382
348
374
351
366
323
365
313
383
308
321
348
302
296
308
334
325
310
287
312
321
290
277
251
275
294
264
275
278
274
257
247
272
263
273
276
233
245
269
243
232
259
257
234
236
206
213
227
222
221
234
217
198
191
193
203
217
230
209
229
175
196
198
201
182
193
188
178
175
198
191
177
185
186
162
176
180
218
166
172
165
159
155
177
145
165
138
156
149
174
157
156
150
156
153
140
160
164
134
141
137
139
128
144
148
115
121
127
125
148
133
128
156
156
131
121
125
104
127
108
121
124
119
124
109
130
97
102
111
100
110
124
110
105
107
117
101
94
107
96
100
100
82
96
95
101
89
89
96
99
80
85
83
89
86
93
91
78
84
84
84
80
76
70
74
79
98
88
82
66
56
66
77
