0
0
0
0
0
0
0
0
0
0
0
0
0
0
0
0
0
0
0
0
0
0
0
0
0
0
0
0
0
0
0
0
0
0
0
0
0
0
0
0
0
0
0
0
0
0
0
0
0
0
0
0
0
0
0
0
0
0
0
0
0
0
0
0
0
0
0
0
0
0
0
0
0
0
0
0
0
0
0
0
0
0
0
0
0
0
0
0
0
0
0
0
0
0
0
0
0
0
0
0
0
0
0
0
0
0
0
0
0
0
0
0
0
0
0
0
0
0
0
0
0
0
0
0
0
0
0
0
0
0
0
0
0
0
0
0
0
0
0
0
0
0
0
0
0
0
0
0
0
0
0
0
0
0
0
0
0
0
0
0
0
0
0
0
0
0
0
0
0
0
0
0
0
0
0
0
0
0
0
0
0
0
0
0
0
0
0
0
0
0
0
0
0
0
0
0
0
0
0
0
0
0
0
0
0
0
0
0
0
0
0
0
0
0
0
0
0
0
0
0
0
0
0
0
0
0
0
11
55
110
222
348
556
836
1020
1280
1678
1864
2278
2575
2971
3226
3554
3935
4239
4548
4929
5257
5408
5760
6047
6290
6567
6751
6924
7275
7261
7686
7870
7917
8363
8413
8579
8690
8857
9132
8986
9157
9325
9576
9645
9729
9663
9941
9879
10283
10011
10162
10262
10256
10455
10322
10331
10420
10429
10573
10765
10744
10591
10690
10592
10760
10836
10813
10782
10831
10785
10758
10655
10757
10754
10644
10722
10767
10740
10787
10724
10541
10544
10562
10747
10651
10460
10478
10278
10246
10441
10455
10393
10132
10198
10021
10215
10118
9990
9798
9918
9865
9645
9705
9592
9575
9531
9586
9479
9130
9221
9279
9140
9082
9088
8767
8923
8711
8874
8672
8649
8664
8512
8380
8473
8328
8288
8214
8120
8024
7943
7932
7766
7705
7756
7647
7704
7645
7538
7402
7203
7189
7352
7121
7030
7043
7119
6874
6884
6517
6694
6604
6534
6611
6434
6563
6349
6308
6380
6285
6178
6018
6005
5939
5985
5755
5771
5679
5683
5626
5583
5555
5540
5337
5271
5403
5302
5171
5126
5107
5114
4983
5032
4978
4757
4758
4708
4697
4699
4575
4510
4527
4504
4229
4229
4388
4308
4301
4155
4213
4060
4061
4053
4013
3978
3941
3932
3893
3834
3703
3650
3653
3579
3547
3553
3610
3507
3432
3441
3389
3320
3288
3179
3180
3222
3099
3080
3042
3058
3040
3019
3009
2924
2885
2886
2798
2783
2888
2743
2651
2711
2722
2605
2566
2594
2467
2611
2595
2420
2409
2409
2451
2353
2325
2210
2299
2284
2207
2192
2165
2125
2043
2132
2125
2040
1933
1992
1937
1871
1940
1937
1825
1828
1711
1812
1798
1735
1748
1694
1733
1592
1657
1609
1645
1622
1570
1655
1552
1527
1510
1445
1407
1382
1387
1434
1341
1380
1358
1301
1363
1260
1345
1252
1243
1245
1268
1204
1167
1211
1208
1195
1197
1107
1094
1062
1090
1062
1074
1018
1013
991
1013
1016
938
984
1019
899
968
931
926
875
889
874
871
877
884
852
783
836
807
795
816
771
758
774
774
759
753
765
749
699
735
726
679
702
701
690
632
664
638
615
669
658
633
588
616
633
540
576
633
594
562
530
547
513
534
582
506
539
535
498
462
522
481
495
478
451
495
435
481
464
419
417
409
428
423
437
431
423
412
428
430
396
412
397
383
355
360
375
324
322
338
371
305
363
320
342
344
329
353
311
336
263
304
278
305
319
299
274
304
289
270
296
307
267
277
280
247
254
278
261
238
270
230
216
251
240
227
219
228
249
245
226
197
207
251
218
206
202
212
201
181
191
158
197
188
166
187
190
167
176
180
160
184
183
172
155
151
170
163
177
134
150
173
162
139
138
135
136
139
138
134
123
114
138
132
136
139
112
106
116
119
106
106
110
106
112
105
118
108
104
90
101
106
99
103
85
100
86
92
81
101
115
86
93
103
102
88
99
70
87
88
87
73
62
83
59
79
72
71
80
72
64
71
63
77
61
67
73
62
65
55
74
72
54
85
59
66
61
45
45
61
52
52
51
35
41
40
51
46
48
42
45
36
46
46
54
44
40
40
52
40
39
39
28
48
43
34
32
27
34
35
36
42
29
35
28
30
30
34
33
27
29
29
31
28
28
24
35
30
25
30
21
30
20
37
30
22
32
29
25
16
28
23
26
26
21
23
24
27
26
24
10
23
16
21
23
20
17
14
23
17
20
21
22
18
16
13
18
14
25
15
16
19
21
15
19
18
14
11
11
11
14
7
11
6
12
8
14
13
18
14
11
12
20
10
11
15
15
9
13
10
6
12
12
8
6
9
7
12
8
7
11
12
7
11
11
9
12
10
15
11
4
12
3
13
8
7
4
3
9
5
5
10
10
2
10
9
7
7
4
5
11
5
7
3
7
1
2
8
7
7
3
4
6
2
5
5
8
5
5
3
4
5
11
0
8
11
5
6
5
4
5
6
3
8
0
2
2
7
2
7
0
4
2
5
5
7
3
4
3
0
2
3
