0
0
0
0
0
0
0
0
0
0
0
0
0
0
0
0
0
0
0
0
0
0
0
0
0
0
0
0
0
0
0
0
0
0
0
0
0
0
0
0
0
0
0
0
0
0
0
0
0
0
0
0
0
0
0
0
0
0
0
0
0
0
0
0
0
0
0
0
0
0
0
0
0
0
0
0
0
0
0
0
0
0
0
0
0
0
0
0
0
0
0
0
0
0
0
0
0
0
0
0
0
0
0
0
0
0
0
0
0
0
0
0
0
0
0
0
0
0
0
0
0
0
0
0
0
0
0
0
0
0
0
0
0
0
0
0
0
0
0
0
0
0
0
0
0
0
0
0
0
0
0
0
0
0
0
0
0
0
0
0
0
0
0
0
0
0
0
0
0
0
0
0
0
0
0
0
0
0
0
0
0
0
0
0
0
0
0
0
0
0
0
0
0
0
0
0
0
0
0
0
0
0
0
0
0
0
0
0
0
0
0
0
0
0
0
0
0
0
0
0
0
0
0
0
0
0
0
5
40
76
177
299
470
732
924
1162
1526
1716
2120
2413
2800
3059
3361
3748
4052
4360
4740
5071
5191
5548
5836
6101
6378
6553
6721
7091
7081
7492
7665
7700
8155
8214
8399
8503
8665
8924
8797
8987
9137
9346
9428
9540
9468
9720
9659
10065
9765
9936
10011
9979
10222
10082
10033
10169
10155
10262
10419
10417
10277
10352
10204
10341
10435
10360
10351
10385
10358
10286
10189
10277
10251
10095
10160
10159
10105
10176
10040
9837
9861
9835
10059
9891
9722
9713
9529
9439
9609
9604
9515
9261
9282
9103
9289
9127
9015
8787
8897
8846
8629
8573
8460
8394
8344
8389
8158
7839
7901
7882
7750
7638
7607
7290
7296
7111
7194
6994
6866
6857
6700
6476
6589
6354
6232
6126
6091
5907
5786
5701
5626
5530
5458
5267
5306
5240
5172
4960
4774
4793
4813
4631
4456
4512
4446
4271
4268
4075
4055
3972
3838
3982
3741
3879
3689
3551
3601
3493
3405
3340
3330
3250
3234
3051
3091
2969
2951
2920
2937
2874
2761
2697
2614
2657
2616
2517
2479
2414
2425
2299
2308
2324
2169
2187
2105
2114
2022
1992
1920
1929
1967
1784
1739
1776
1790
1806
1664
1719
1632
1564
1616
1537
1471
1483
1483
1407
1411
1335
1345
1343
1263
1236
1293
1258
1159
1148
1156
1164
1084
1041
1045
1036
1046
976
975
950
1013
936
924
929
906
860
890
807
804
843
787
792
786
764
737
715
732
707
769
687
619
614
679
639
646
604
609
589
615
562
554
563
533
494
529
562
510
506
531
457
451
494
503
429
434
367
432
438
407
420
391
433
373
371
389
367
339
352
361
348
352
370
287
334
296
304
353
320
307
312
285
309
279
314
283
286
262
273
274
248
268
243
261
255
270
212
218
226
237
242
236
210
235
207
208
213
201
231
192
212
204
211
183
195
204
195
181
209
192
165
193
178
175
194
165
169
152
165
153
146
183
179
152
160
162
151
160
168
156
139
153
142
147
145
168
135
133
135
158
131
133
141
136
135
122
135
109
127
124
123
126
121
123
109
120
116
113
114
124
118
98
107
112
97
90
112
97
100
120
107
114
116
111
117
107
112
103
84
80
85
101
86
91
92
116
83
95
75
90
83
92
82
80
91
71
79
80
89
96
80
78
97
83
72
85
70
71
79
88
67
81
87
78
59
73
56
75
79
65
78
69
79
82
67
69
51
63
81
65
61
66
68
68
53
70
47
57
62
47
58
67
56
49
63
66
69
76
55
61
51
58
62
54
48
62
63
63
57
50
54
54
48
61
48
45
44
57
49
47
56
45
47
45
57
31
53
42
36
42
51
49
32
58
34
39
39
46
35
42
40
40
45
38
47
47
43
40
35
41
36
53
34
42
41
34
34
35
39
25
28
46
48
48
34
43
33
39
46
49
34
23
35
37
39
28
36
34
33
34
37
32
29
26
29
29
32
41
17
23
20
31
24
30
26
34
26
38
34
28
19
22
33
35
28
26
30
20
28
20
24
24
18
24
22
31
23
17
21
28
21
22
18
25
27
16
25
24
13
17
25
21
22
18
16
29
20
17
23
22
15
25
14
14
13
28
15
16
17
17
24
20
11
14
18
13
16
19
20
14
13
15
21
25
13
18
15
12
17
17
12
11
16
20
10
21
10
16
19
12
12
19
12
17
6
11
9
9
18
15
15
12
12
17
8
6
15
19
9
15
16
19
14
10
8
5
11
12
10
15
9
16
13
11
13
8
21
5
11
10
12
12
13
5
9
10
12
6
12
9
7
8
11
7
5
9
15
8
7
7
11
8
4
4
7
5
9
11
5
12
4
10
6
9
6
8
9
6
6
7
5
8
6
4
4
8
5
4
4
8
4
6
10
4
7
3
2
6
5
2
4
2
5
4
4
8
3
2
4
2
4
3
4
5
4
2
4
