0
0
0
0
57
419912
327345
269903
238231
231278
256740
321154
388055
425940
440097
435008
418889
395602
371993
345671
317606
292997
268067
244662
225561
205497
187390
172155
157987
144552
132131
121331
111757
102428
94652
87003
80355
73664
68541
63312
58148
54658
50094
46918
43624
40520
37372
35069
32698
30303
28497
26645
25004
23154
21947
20479
19340
17947
16644
16033
15170
14073
13263
12576
11997
11240
10595
10024
9493
8893
8366
8017
7480
7303
6725
6470
6114
5815
5616
5170
5049
4626
4551
4355
4073
3921
3809
3578
3446
3242
3016
2970
2815
2659
2653
2434
2395
2257
2151
1945
1905
1798
1788
1623
1629
1576
1411
1468
1328
1342
1203
1204
1154
1027
1084
1031
994
970
896
853
821
766
776
668
722
679
656
583
589
602
526
479
491
482
484
423
391
404
366
364
370
330
305
301
264
291
278
245
237
229
237
222
220
166
170
171
159
153
149
143
129
124
123
98
110
82
95
70
82
76
85
70
88
63
70
73
54
58
45
37
41
50
50
40
39
38
36
37
40
24
35
25
25
23
37
31
32
31
13
22
15
25
18
26
26
16
22
15
24
13
19
10
12
17
13
12
19
15
13
8
15
10
9
12
9
7
8
6
5
11
7
9
10
5
8
5
17
7
9
3
2
5
8
5
11
3
7
2
5
5
6
1
4
6
5
5
3
4
4
6
0
5
6
2
4
2
3
1
0
1
3
4
0
4
0
2
2
4
4
1
1
2
2
3
1
1
1
2
0
0
0
1
1
0
1
2
1
0
1
1
4
1
0
1
0
6
2
3
1
1
0
1
2
1
2
0
1
0
1
0
2
0
1
0
1
0
1
0
0
0
0
0
0
0
0
0
2
1
1
0
0
0
0
0
0
0
1
1
0
0
0
0
2
0
0
0
0
0
0
1
0
0
0
1
0
0
0
1
1
0
0
0
0
0
0
0
0
0
0
0
0
0
0
0
0
0
0
0
0
0
0
0
0
0
1
0
0
0
0
0
0
0
0
0
0
0
0
0
0
0
0
0
0
0
0
0
0
0
0
0
0
0
0
0
0
0
0
0
0
0
0
0
0
0
0
0
0
0
0
0
0
0
0
0
1
0
0
0
0
0
0
0
0
0
0
0
0
0
0
0
0
0
0
0
0
0
0
0
0
0
0
0
0
0
0
0
0
0
0
0
0
0
0
0
0
0
0
0
0
0
0
0
0
0
0
0
0
0
0
0
0
0
0
0
0
0
0
0
0
0
0
0
0
0
0
0
0
0
0
0
0
0
0
0
0
0
0
0
0
0
0
0
0
0
0
0
0
0
0
0
0
0
0
0
0
0
0
0
0
0
0
0
0
0
0
0
0
0
0
0
0
0
0
0
0
0
0
0
0
0
0
0
0
0
0
0
0
0
0
0
0
0
0
0
0
0
0
0
0
0
0
0
0
0
0
0
0
0
0
0
0
0
0
0
0
0
0
0
0
0
0
0
0
0
0
0
0
0
0
0
0
0
0
0
0
0
0
0
0
0
0
0
0
0
0
0
0
0
0
0
0
0
0
0
0
0
0
0
0
0
0
0
0
0
0
0
0
0
0
0
0
0
0
0
0
0
0
0
0
0
0
0
0
0
0
0
0
0
0
0
0
0
0
0
0
0
0
0
0
0
0
0
0
0
0
0
0
0
0
0
0
0
0
0
0
0
0
0
0
0
0
0
0
0
0
0
0
0
0
0
0
0
0
0
0
0
0
0
0
0
0
0
0
0
0
0
0
0
0
0
0
0
0
0
0
0
0
0
0
0
0
0
0
0
0
0
0
0
0
0
0
0
0
0
0
0
0
0
0
0
0
0
0
0
0
0
0
0
0
0
0
0
0
0
0
0
0
0
0
0
0
0
0
0
0
0
0
0
0
0
0
0
0
0
0
0
0
0
0
0
0
0
0
0
0
0
0
0
0
0
0
0
0
0
0
0
0
0
0
0
0
0
0
0
0
0
0
0
0
0
0
0
0
0
0
0
0
0
0
0
0
0
0
0
0
0
0
0
0
0
0
0
0
0
0
0
0
0
0
0
0
0
0
0
0
0
0
0
0
0
0
0
0
0
0
0
0
0
0
0
0
0
0
0
0
0
0
0
0
0
0
0
0
0
0
0
0
0
0
0
0
0
0
0
0
0
0
0
0
0
0
0
0
0
0
0
0
0
0
0
0
0
0
0
0
0
0
0
0
0
0
0
0
0
0
0
0
0
0
0
0
0
0
0
0
0
0
0
0
0
0
0
0
0
0
0
0
0
0
0
0
0
0
0
0
0
0
0
0
0
0
0
0
0
0
0
0
0
0
0
0
0
0
0
0
0
0
0
0
0
