0
0
0
0
0
0
0
0
0
1
32
141
325
531
725
852
992
993
1051
1079
1109
1154
1200
1461
1818
2172
2669
3545
4533
5949
7534
9507
11737
14970
18419
21772
25268
27662
30072
32253
33740
34295
35593
36218
36321
36412
36218
35928
35625
35213
34390
34202
32936
32546
31813
30758
30189
29462
28390
27470
26788
26005
25307
24319
23461
22804
22177
21487
20512
19670
19530
18678
17976
17360
16753
15986
15639
15179
14340
14000
13599
13146
12548
12116
11747
11352
10858
10435
10056
9675
9446
9199
8787
8467
8128
7873
7592
7353
7095
6846
6571
6211
6040
5950
5661
5493
5379
5291
5079
4888
4585
4508
4311
4260
4132
3969
3816
3683
3683
3431
3293
3248
3196
3045
2938
2754
2720
2619
2484
2470
2359
2285
2209
2197
2060
2023
1895
1902
1893
1786
1654
1523
1591
1588
1491
1388
1395
1325
1331
1297
1212
1195
1208
1095
1089
1018
963
875
984
934
940
851
837
808
733
747
713
703
659
657
645
626
571
601
518
596
531
539
456
518
469
436
449
434
399
417
402
368
335
359
346
356
349
321
280
261
271
280
255
249
233
232
208
224
213
226
194
171
182
184
161
156
162
161
155
135
157
137
120
130
112
120
112
105
102
88
96
102
84
73
80
81
87
79
77
64
58
78
74
73
61
57
49
47
45
51
44
42
40
28
40
45
34
25
27
24
32
23
22
27
17
20
19
25
27
13
18
16
17
21
11
20
23
10
15
12
16
13
13
16
10
14
10
17
13
8
12
14
8
6
7
4
10
5
11
9
8
6
6
5
4
6
10
5
10
1
4
2
6
6
5
3
4
3
3
4
4
2
2
5
1
4
3
1
4
2
1
5
3
2
1
2
1
4
1
5
0
4
1
0
3
0
3
1
1
1
0
1
4
3
0
1
1
0
3
0
0
0
1
0
1
0
1
1
0
2
1
1
2
1
0
0
1
0
0
1
0
1
0
1
1
1
0
1
2
0
2
0
0
0
0
0
0
0
0
0
0
0
0
1
0
0
0
0
0
0
1
0
0
0
0
0
0
1
0
0
0
0
0
0
0
0
0
1
0
1
0
0
0
1
0
0
0
0
0
0
0
0
0
0
0
0
0
0
0
0
0
0
0
0
0
0
0
0
0
0
0
0
0
0
0
0
0
0
0
0
0
0
0
0
0
0
0
0
0
0
0
0
0
0
0
0
0
0
0
0
0
0
0
0
0
0
0
0
0
0
0
0
0
0
0
0
0
0
0
0
0
0
0
0
0
0
0
0
0
0
0
0
0
0
0
0
0
0
0
0
0
0
0
0
0
0
0
0
0
0
0
0
0
0
0
0
0
0
0
0
0
0
0
0
0
0
0
0
0
0
0
0
0
0
0
0
0
0
0
0
0
0
0
0
0
0
0
0
0
0
0
0
0
0
0
0
0
0
0
0
0
0
0
0
0
0
0
0
0
0
0
0
0
0
0
0
0
0
0
0
0
0
0
0
0
0
0
0
0
0
0
0
0
0
0
0
0
0
0
0
0
0
0
0
0
0
0
0
0
0
0
0
0
0
0
0
0
0
0
0
0
0
0
0
0
0
0
0
0
0
0
0
0
0
0
0
0
0
0
0
0
0
0
0
0
0
0
0
0
0
0
0
0
0
0
0
0
0
0
0
0
0
0
0
0
0
0
0
0
0
0
0
0
0
0
0
0
0
0
0
0
0
0
0
0
0
0
0
0
0
0
0
0
0
0
0
0
0
0
0
0
0
0
0
0
0
0
0
0
0
0
0
0
0
0
0
0
0
0
0
0
0
0
0
0
0
0
0
0
0
0
0
0
0
0
0
0
0
0
0
0
0
0
0
0
0
0
0
0
0
0
0
0
0
0
0
0
0
0
0
0
0
0
0
0
0
0
0
0
0
0
0
0
0
0
0
0
0
0
0
0
0
0
0
0
0
0
0
0
0
0
0
0
0
0
0
0
0
0
0
0
0
0
0
0
0
0
0
0
0
0
0
0
0
0
0
0
0
0
0
0
0
0
0
0
0
0
0
0
0
0
0
0
0
0
0
0
0
0
0
0
0
0
0
0
0
0
0
0
0
0
0
0
0
0
0
0
0
0
0
0
0
0
0
0
0
0
0
0
0
0
0
0
0
0
0
0
0
0
0
0
0
0
0
0
0
0
0
0
0
0
0
0
0
0
0
0
0
0
0
0
0
0
0
0
0
0
0
0
0
0
0
0
0
0
0
0
0
0
0
0
0
0
0
0
0
0
0
0
0
0
0
0
0
0
0
0
0
0
0
0
0
0
0
0
0
0
0
0
0
0
0
0
0
0
0
0
0
0
0
0
0
0
0
0
0
0
0
0
0
0
0
0
0
