0
0
0
0
39
363670
277408
219780
179046
149104
127756
111174
97940
87896
80518
75089
71744
69531
70301
74209
80810
91922
107955
126166
142345
155289
165305
171203
175455
176959
174983
173492
170988
168155
162776
157458
153299
146994
141415
136342
131448
124830
119864
114808
109796
105264
100233
95622
91341
87399
83319
80029
75345
72351
69135
65872
62971
59902
57329
55048
52247
50124
48118
45845
43559
41864
39870
38453
36484
34911
34083
32363
30801
29664
28341
26800
26091
25004
23817
22981
22087
21182
20391
19394
18728
18142
17201
16631
15961
15353
14834
14384
13843
13201
12711
12195
11767
11474
10889
10513
10168
9648
9328
9073
8816
8425
8319
8010
7748
7388
7088
6890
6562
6462
6301
6038
5866
5611
5514
5240
5031
4909
4847
4610
4436
4259
4158
4022
3872
3774
3620
3517
3487
3350
3264
3107
3044
3003
2966
2859
2576
2493
2476
2526
2447
2219
2254
2170
2124
2154
1979
1956
1969
1853
1811
1721
1642
1532
1564
1559
1525
1446
1403
1382
1263
1279
1240
1165
1175
1111
1145
1105
1025
1062
969
1039
955
966
867
898
856
796
809
798
745
780
757
711
656
648
674
651
671
604
569
528
572
556
539
497
511
503
464
459
467
456
420
416
400
383
342
342
361
373
345
343
323
313
284
293
251
279
273
252
248
214
260
236
227
212
198
193
218
198
197
178
152
181
168
163
132
131
146
132
136
135
122
119
114
98
112
124
95
90
88
78
91
75
82
78
71
80
62
78
66
54
59
51
61
64
55
51
57
48
52
49
48
41
36
35
42
36
35
38
27
35
29
38
27
25
29
23
41
19
26
32
24
30
25
19
19
29
35
28
27
16
22
17
20
13
18
22
16
18
23
19
18
12
12
12
13
13
14
15
14
15
14
22
11
11
9
14
14
16
4
20
11
16
10
7
22
9
10
6
8
8
5
8
13
8
6
5
10
4
10
5
5
6
5
5
5
3
8
7
4
5
9
4
8
7
0
6
6
8
5
6
2
7
2
5
6
3
4
3
8
5
2
1
8
4
3
4
4
5
3
4
2
2
0
6
2
0
5
3
4
4
4
1
2
1
2
4
0
2
1
3
1
2
1
2
3
3
0
1
0
4
2
2
1
1
1
2
2
1
1
1
1
2
0
1
0
0
0
1
1
3
0
2
2
0
0
1
1
1
0
4
3
2
0
2
0
0
0
1
0
1
1
0
0
1
1
0
1
1
0
0
1
0
1
1
0
1
1
0
1
0
0
0
2
0
2
0
0
0
0
1
0
0
0
2
0
1
2
0
0
0
1
0
1
0
1
0
0
0
0
1
1
0
0
0
1
1
0
0
1
0
0
0
0
0
0
0
0
0
1
0
0
1
0
0
0
0
0
0
0
0
0
0
0
0
0
0
0
0
0
0
0
0
0
0
0
1
0
0
0
0
0
0
0
0
0
0
0
0
0
0
0
0
0
0
0
0
0
0
0
0
0
0
0
0
0
0
0
1
0
0
0
0
0
0
0
0
0
0
0
0
0
0
0
0
0
0
0
0
0
0
0
0
0
0
0
0
0
0
0
0
0
0
0
0
0
0
0
0
1
0
0
0
0
0
0
0
0
0
0
0
0
0
0
0
0
0
0
0
0
0
0
0
0
0
0
0
0
0
0
0
0
0
0
0
0
0
0
0
0
0
0
0
0
0
0
0
0
0
0
0
0
0
0
0
0
0
0
0
0
0
0
0
0
0
0
0
0
0
0
0
0
0
0
0
0
0
0
0
0
0
0
0
0
0
0
0
0
0
0
0
0
0
0
0
0
0
0
0
0
0
0
0
0
0
0
0
0
0
0
0
0
0
0
0
0
0
0
0
0
0
1
0
0
0
0
0
0
0
0
0
0
0
0
0
0
0
0
0
0
0
0
0
0
0
0
0
0
0
0
0
0
0
0
0
0
0
0
0
0
0
0
0
0
0
0
0
0
0
0
0
0
0
0
0
0
0
0
0
0
0
0
0
0
0
0
0
0
0
0
0
0
0
0
0
0
0
0
0
0
0
0
0
0
0
0
0
0
0
0
0
0
0
0
0
0
0
0
0
0
0
0
0
0
0
0
0
0
0
0
0
0
0
0
0
0
0
0
0
0
0
0
0
0
0
0
0
0
0
0
0
0
0
0
0
0
0
0
0
0
0
0
0
0
0
0
0
0
0
0
0
0
0
0
0
0
0
0
0
0
0
0
0
0
0
0
0
0
0
0
0
0
0
0
0
0
0
0
0
0
0
0
0
0
0
0
0
0
0
0
0
0
0
0
0
0
0
0
0
0
0
0
0
0
0
0
0
0
0
0
0
0
0
0
0
0
0
0
0
0
0
0
0
0
0
0
0
0
0
0
0
0
0
0
0
0
0
0
0
0
0
0
0
0
0
