0
0
0
0
0
0
0
0
0
0
32
116
291
495
679
815
937
946
998
1040
1048
1050
975
1033
1154
1315
1554
2129
2922
4026
5415
7062
9041
11884
15046
18315
21731
24053
26619
28766
30349
30989
32403
33068
33268
33322
33335
33088
32993
32540
31923
31659
30634
30236
29527
28616
27987
27366
26373
25494
24835
24011
23369
22506
21643
20997
20435
19711
18831
17931
17785
16941
16212
15590
14928
14267
13754
13274
12440
11998
11574
11100
10405
9946
9642
9117
8635
8217
7838
7553
7249
6880
6501
6241
5916
5667
5356
5027
4835
4615
4420
4050
3908
3814
3556
3431
3338
3280
3071
2883
2664
2611
2392
2397
2258
2170
2046
1941
1940
1809
1678
1662
1575
1494
1376
1361
1305
1201
1099
1147
1027
986
942
897
848
848
744
740
750
677
662
559
602
612
561
509
476
473
459
453
394
411
384
334
333
305
313
277
302
278
299
254
246
222
217
223
215
215
197
178
174
161
167
179
137
169
139
141
119
126
129
95
132
110
118
127
94
85
82
83
86
77
79
90
64
57
71
75
73
61
53
59
49
61
56
47
40
48
48
40
38
34
40
33
33
38
29
29
32
37
25
34
38
27
23
28
20
29
36
17
18
16
24
25
17
10
20
12
17
14
20
19
17
11
13
12
13
17
12
6
15
9
6
5
6
5
9
9
8
8
9
6
8
9
8
4
3
7
4
5
4
4
7
2
7
1
8
2
3
5
4
1
0
4
2
3
3
5
3
5
3
1
5
3
0
1
0
3
3
3
0
1
3
1
3
1
3
0
1
1
0
0
0
1
1
0
0
0
0
0
1
1
1
0
2
1
0
3
1
0
0
0
0
0
0
1
0
1
0
0
2
0
2
1
1
0
0
2
0
2
0
1
0
0
0
0
0
0
0
0
1
0
1
0
0
0
1
0
1
0
0
0
0
0
1
0
0
0
0
0
1
0
0
0
1
0
1
0
0
0
0
0
0
0
0
0
0
0
0
0
0
0
0
0
0
1
0
0
0
0
0
0
0
0
0
0
0
0
0
0
0
0
0
0
0
0
0
0
0
0
0
0
1
0
0
0
0
0
0
0
0
0
0
0
0
0
0
0
0
0
0
0
0
0
0
0
0
1
0
0
0
0
0
0
0
0
0
0
0
0
0
0
0
0
0
0
0
0
0
0
0
0
0
0
0
0
0
0
0
0
0
0
0
0
0
0
0
0
0
0
0
0
0
0
0
0
0
0
0
0
0
0
0
0
0
0
0
0
0
0
0
0
0
0
0
0
0
0
0
0
0
0
0
0
0
0
0
0
0
0
0
0
0
0
0
0
0
0
0
0
0
0
0
0
0
0
0
0
0
0
0
0
0
0
0
0
0
0
0
0
0
0
0
0
0
0
0
0
0
0
0
0
0
0
0
0
0
0
0
0
0
0
0
0
0
0
0
0
0
0
0
0
0
0
0
0
0
0
0
0
0
0
0
0
0
0
0
0
0
0
0
0
0
0
0
0
0
0
0
0
0
0
0
0
0
0
0
0
0
0
0
0
0
0
0
0
0
0
0
0
0
0
0
0
0
0
0
0
0
0
0
0
0
0
0
0
0
0
0
0
0
0
0
0
0
0
0
0
0
0
0
0
0
0
0
0
0
0
0
0
0
0
0
0
0
0
0
0
0
0
0
0
0
0
0
0
0
0
0
0
0
0
0
0
0
0
0
0
0
0
0
0
0
0
0
0
0
0
0
0
0
0
0
0
0
0
0
0
0
0
0
0
0
0
0
0
0
0
0
0
0
0
0
0
0
0
0
0
0
0
0
0
0
0
0
0
0
0
0
0
0
0
0
0
0
0
0
0
0
0
0
0
0
0
0
0
0
0
0
0
0
0
0
0
0
0
0
0
0
0
0
0
0
0
0
0
0
0
0
0
0
0
0
0
0
0
0
0
0
0
0
0
0
0
0
0
0
0
0
0
0
0
0
0
0
0
0
0
0
0
0
0
0
0
0
0
0
0
0
0
0
0
0
0
0
0
0
0
0
0
0
0
0
0
0
0
0
0
0
0
0
0
0
0
0
0
0
0
0
0
0
0
0
0
0
0
0
0
0
0
0
0
0
0
0
0
0
0
0
0
0
0
0
0
0
0
0
0
0
0
0
0
0
0
0
0
0
0
0
0
0
0
0
0
0
0
0
0
0
0
0
0
0
0
0
0
0
0
0
0
0
0
0
0
0
0
0
0
0
0
0
0
0
0
0
0
0
0
0
0
0
0
0
0
0
0
0
0
0
0
0
0
0
0
0
0
0
0
0
0
0
0
0
0
0
0
0
0
0
0
0
0
0
0
0
0
0
0
0
0
