0
0
0
0
0
0
0
0
0
0
0
0
0
0
5
18
34
53
78
113
115
167
206
221
250
294
303
359
403
378
373
406
391
432
451
450
396
435
429
454
404
440
449
460
484
490
531
578
638
639
744
777
924
1027
1137
1242
1559
1721
2028
2281
2554
2878
3288
3650
3984
4427
5095
5695
6514
7236
8051
8664
9322
9774
10239
10866
11150
11796
12186
12431
12603
12839
13131
13440
13524
13626
13816
13646
13879
14000
13556
13951
13852
13869
13803
13714
13701
13346
13376
13217
12875
13015
12604
12542
12461
12269
12190
11909
12080
11881
11522
11473
11119
11200
10947
10868
10581
10373
10187
10327
9889
9726
9515
9470
9361
9149
8983
8955
8847
8542
8238
8297
8164
8233
7724
7774
7401
7165
7274
7152
6867
6875
6637
6607
6416
6157
6112
6075
5980
5935
5769
5505
5591
5399
5291
5127
5065
4915
4901
4809
4761
4550
4614
4579
4408
4227
4156
4109
4076
3925
3834
3853
3737
3658
3594
3478
3556
3314
3307
3253
3113
3144
3012
2979
3004
2864
2879
2737
2811
2662
2716
2497
2537
2472
2410
2387
2316
2287
2188
2217
2145
2174
2109
2063
2006
2002
1958
1901
1848
1742
1771
1714
1709
1686
1644
1610
1559
1512
1473
1601
1480
1483
1383
1374
1360
1345
1289
1321
1232
1241
1235
1280
1179
1123
1164
1042
1002
1065
1080
992
993
975
955
957
965
907
879
916
871
846
837
778
791
819
763
795
724
690
671
686
675
711
652
637
669
605
627
584
644
578
572
532
548
568
545
528
465
534
458
519
409
486
452
429
446
451
445
431
371
392
382
376
397
383
347
350
324
354
310
326
320
293
292
302
302
289
317
265
272
306
261
255
258
264
262
240
218
211
229
228
188
225
219
207
190
210
185
172
185
179
168
196
175
159
167
145
151
158
163
156
164
144
143
125
146
129
131
128
112
97
122
131
108
109
104
111
108
103
90
86
99
98
89
90
96
68
78
75
81
75
86
67
79
56
67
74
68
68
58
76
52
61
58
44
44
54
43
69
51
34
52
34
36
60
40
45
47
36
30
34
39
37
30
17
23
32
33
33
26
27
28
23
24
27
31
33
22
21
11
20
21
33
24
13
21
11
20
23
21
14
19
12
10
14
18
22
19
15
13
23
13
15
11
11
10
12
12
14
14
10
9
7
13
12
13
16
10
14
5
10
11
9
8
7
11
8
5
7
6
7
8
3
5
4
5
6
6
3
12
7
7
12
3
7
10
6
5
9
6
5
5
3
4
10
9
8
2
9
4
6
3
1
2
5
3
5
3
2
2
2
4
3
6
9
3
3
3
2
1
1
5
3
1
3
1
6
3
2
1
2
2
3
5
1
1
5
2
2
2
3
3
1
4
3
1
3
4
6
3
1
3
3
2
2
2
1
2
2
2
2
1
2
2
0
2
0
0
2
1
3
4
0
1
0
2
2
0
0
0
0
4
0
3
5
1
1
0
0
0
0
0
1
1
1
1
1
1
0
3
1
3
0
0
2
0
0
0
0
0
1
1
0
1
2
1
0
0
0
0
0
0
0
0
0
1
0
0
0
2
0
0
0
0
0
1
1
0
0
0
0
1
1
0
0
0
0
0
1
1
0
0
0
1
1
0
0
0
0
1
0
1
1
0
1
0
0
0
0
0
0
0
0
0
0
0
0
2
0
0
0
0
0
1
0
0
0
0
1
0
0
0
0
0
0
0
0
0
0
0
0
0
0
0
0
0
0
0
0
0
0
0
0
0
0
0
0
1
0
1
0
1
0
0
0
0
0
0
0
0
0
0
0
0
0
0
0
0
0
0
0
0
0
0
0
0
0
0
0
1
0
0
0
0
0
1
0
0
0
0
0
0
0
0
0
0
0
0
0
0
0
0
0
0
0
0
0
0
0
0
0
0
0
0
0
0
0
0
0
0
0
0
0
0
0
0
0
0
0
0
0
0
0
0
0
0
0
0
0
0
0
0
0
0
0
0
0
1
0
0
0
0
0
0
0
0
0
0
0
0
0
0
0
0
0
0
0
0
0
0
0
0
0
0
0
0
0
0
0
0
0
0
0
0
0
0
0
0
0
0
0
0
0
0
0
0
0
0
0
0
0
0
0
0
0
0
0
0
0
0
0
0
0
0
0
0
0
0
0
0
0
0
0
0
0
0
0
0
0
0
0
0
0
0
0
0
0
0
0
0
0
0
0
0
0
0
0
0
0
0
0
0
0
0
0
0
0
0
0
0
0
0
0
0
0
0
0
0
0
0
0
0
0
0
0
0
0
0
0
0
0
0
0
0
0
0
0
0
0
0
0
0
0
0
0
0
0
0
0
0
0
0
0
0
0
0
0
0
0
0
0
0
0
0
0
0
0
0
0
0
0
0
0
0
0
0
0
0
0
0
0
