0
0
0
0
33
261348
207556
168211
140550
120051
103656
91269
79754
71723
64417
57570
52712
48210
44172
40993
38367
35590
33221
31298
29683
28160
26975
25930
24683
23848
23112
22431
22337
22068
21833
21667
22212
22843
23756
24961
26716
28682
30457
33321
36647
40285
44371
48555
52043
54777
57672
60102
62995
63582
65136
66981
67369
68062
68052
68439
68594
68480
68136
67455
66530
66638
65991
64847
64145
62446
61859
61173
60378
58281
57745
56756
55263
54367
53611
52189
50460
49553
49128
47880
47048
45625
44843
43433
42645
41355
40144
39750
38793
37818
36926
35938
35032
34108
33537
32737
31488
31059
29795
29053
28604
28063
27318
26517
26232
25458
24687
24227
23447
23146
22450
21974
21433
20880
20364
20160
19295
18847
18405
18235
17681
17264
16989
16572
16183
15833
15075
15117
14717
14561
14005
13925
13155
12727
12693
12338
12102
11847
11374
11392
10870
10517
10363
10179
10053
9801
9488
9113
9244
9040
8680
8454
8323
8226
8055
7846
7723
7430
7444
7264
7068
6803
6668
6473
6548
6277
6132
6121
5878
5739
5708
5472
5552
5237
5163
5162
4947
4983
4721
4636
4719
4514
4433
4269
4347
4124
4175
3836
3948
3819
3715
3653
3566
3488
3418
3406
3309
3272
3206
3157
3092
3068
2985
2901
2811
2694
2721
2599
2628
2515
2438
2488
2385
2332
2243
2421
2204
2221
2115
2121
2097
2036
1995
1974
1871
1932
1849
1912
1722
1731
1740
1592
1565
1638
1641
1518
1523
1467
1443
1452
1453
1417
1386
1398
1335
1285
1264
1239
1222
1237
1174
1198
1140
1052
1010
1070
1043
1070
1006
990
1048
926
961
911
973
932
899
863
847
839
853
833
743
822
757
781
678
750
699
690
706
727
687
665
634
630
624
608
617
625
565
580
539
557
512
546
528
490
499
509
477
462
519
438
451
488
449
418
416
429
411
406
372
342
379
395
360
373
378
363
306
339
302
290
310
297
293
320
308
295
279
254
275
263
283
258
298
234
249
216
242
234
220
218
207
192
224
223
191
213
184
184
167
197
172
157
180
171
175
179
168
144
159
162
151
140
149
134
138
111
119
144
122
121
99
130
99
125
107
99
103
96
89
108
95
80
93
71
77
96
85
90
75
60
64
70
69
61
59
52
56
68
63
54
51
53
61
49
60
54
63
50
43
47
31
36
46
50
39
38
46
35
40
44
37
36
38
23
23
32
38
39
51
32
30
39
26
31
27
31
26
29
33
27
28
22
26
17
28
26
30
35
19
28
18
21
17
21
17
16
25
21
9
22
20
14
22
12
15
10
13
13
13
11
22
15
18
18
14
13
20
12
13
23
16
11
19
8
12
15
16
23
18
16
12
13
7
10
10
13
10
13
11
8
11
9
13
4
11
14
7
5
4
7
4
3
9
9
5
8
3
7
8
6
5
7
6
7
9
2
5
11
6
6
6
5
7
9
6
8
3
8
7
8
5
5
9
6
9
6
6
5
7
4
8
5
5
4
3
3
4
5
2
7
4
6
8
1
5
5
3
6
5
2
2
7
7
5
7
10
5
6
1
2
1
2
3
2
1
4
7
2
3
1
8
1
4
3
2
2
2
2
3
2
4
4
5
3
6
3
5
0
1
2
1
2
1
3
3
1
3
2
3
0
2
1
3
3
3
2
3
3
1
0
1
1
1
2
2
2
1
0
0
2
3
1
0
2
1
2
0
2
2
0
2
0
1
3
0
2
0
1
1
0
0
0
1
0
1
2
2
0
2
0
0
0
0
0
1
0
1
0
2
3
0
0
1
0
1
0
0
1
0
0
2
0
0
1
0
1
0
0
0
0
1
0
1
3
0
0
1
0
1
0
1
1
1
0
0
1
0
2
0
0
1
0
1
0
0
0
0
1
0
0
2
1
0
0
0
1
2
0
0
0
1
0
0
0
0
0
1
0
0
1
0
0
0
0
1
2
0
1
0
0
0
0
1
1
1
0
0
1
0
0
0
0
1
2
0
0
0
0
0
0
0
0
0
0
0
0
0
0
1
0
1
0
0
1
0
1
0
0
0
0
0
0
0
0
0
0
0
0
1
0
0
0
0
0
0
0
0
0
0
1
0
0
0
0
0
0
0
0
1
0
1
0
0
0
0
0
0
0
0
0
0
0
0
0
0
0
0
0
0
0
0
0
0
0
0
0
0
0
0
0
0
0
0
0
0
0
0
0
0
0
0
0
0
0
0
0
1
0
0
0
1
0
0
1
0
0
0
0
0
0
1
0
0
0
0
0
0
0
0
0
0
0
0
0
0
0
0
0
0
0
0
1
0
0
0
0
0
0
0
0
0
0
0
0
0
0
0
0
0
0
0
1
0
0
0
0
0
0
0
0
0
0
0
0
0
0
0
0
0
0
0
0
0
0
0
0
0
0
0
0
0
0
0
0
0
0
0
0
0
0
0
0
0
0
0
0
0
0
0
0
0
0
0
0
0
0
0
0
0
0
0
0
