0
0
0
0
0
0
0
0
0
0
0
0
0
0
1
7
28
42
74
100
98
149
186
209
230
278
285
331
376
361
357
388
378
412
432
428
382
421
409
429
391
421
418
405
429
400
399
412
440
397
467
470
588
640
742
788
1025
1152
1385
1580
1849
2109
2473
2816
3075
3513
4073
4576
5283
5973
6773
7386
7999
8504
9046
9605
9939
10547
10867
11259
11432
11691
12008
12243
12387
12486
12715
12542
12798
12885
12546
12952
12861
12883
12860
12781
12756
12405
12507
12310
11995
12156
11774
11728
11696
11427
11413
11154
11305
11157
10811
10729
10424
10501
10222
10214
9897
9700
9505
9622
9287
9122
8874
8844
8706
8544
8393
8353
8261
7976
7667
7717
7583
7653
7182
7225
6889
6630
6694
6615
6330
6327
6103
6003
5848
5633
5559
5530
5417
5325
5180
4935
4978
4800
4689
4517
4429
4261
4209
4177
4114
3883
3919
3833
3681
3493
3438
3428
3378
3199
3100
3076
3026
2863
2870
2723
2736
2595
2555
2495
2332
2381
2261
2239
2220
2122
2076
2041
2038
1911
1902
1790
1785
1740
1645
1678
1618
1550
1460
1514
1418
1515
1402
1378
1299
1287
1211
1232
1179
1121
1118
1051
1064
1065
996
947
941
904
875
960
874
857
796
805
768
763
697
720
696
693
680
689
626
601
624
575
516
551
578
497
510
514
474
487
466
453
415
451
409
410
393
378
386
410
340
343
337
318
297
315
315
321
298
279
317
269
247
252
275
248
254
213
239
242
223
201
186
226
199
213
174
200
184
160
165
158
172
162
149
145
142
133
147
128
137
124
117
118
86
123
123
97
103
96
89
85
101
98
94
89
91
86
91
86
73
83
70
60
64
59
66
67
70
76
55
63
65
51
49
45
53
66
49
47
54
37
35
40
50
43
53
46
37
32
34
36
40
34
40
29
30
31
31
42
34
32
29
25
32
28
24
24
33
28
30
20
24
20
15
21
20
26
18
14
18
19
19
16
14
16
13
19
13
11
8
16
9
17
13
9
10
12
12
14
12
18
6
7
10
5
7
6
10
3
10
12
7
6
8
3
12
4
4
1
6
6
5
5
1
4
6
8
7
5
6
4
0
8
2
3
4
4
1
3
5
4
8
3
5
2
6
2
4
5
2
2
5
2
5
0
2
5
5
1
1
2
2
1
2
3
2
1
1
1
5
3
3
0
3
2
4
2
2
0
1
2
1
1
1
4
0
3
0
2
1
1
2
4
4
0
2
1
2
2
1
1
3
0
1
3
1
1
0
2
1
0
0
0
0
0
3
0
2
1
0
1
1
0
0
0
0
0
0
2
0
0
0
0
0
2
2
2
0
0
0
4
2
1
0
0
2
0
0
0
0
0
0
1
0
0
0
1
0
0
0
1
1
0
0
0
0
0
1
0
0
0
0
0
1
1
0
0
1
0
0
0
0
0
0
0
0
0
2
1
0
0
0
0
0
0
0
0
0
0
1
0
1
0
0
0
1
1
0
0
1
0
0
0
0
0
0
0
0
0
0
0
0
0
0
0
0
0
0
0
2
0
0
0
0
0
0
0
0
0
1
2
0
0
0
0
0
0
0
0
0
0
0
2
0
0
0
0
0
0
0
0
0
0
0
0
0
0
0
0
0
0
0
0
0
0
0
0
0
0
0
0
0
0
0
0
0
0
0
0
0
0
0
0
0
0
0
0
0
0
0
0
0
0
1
0
0
0
0
0
0
0
0
0
0
0
0
0
0
0
0
0
1
0
0
0
0
0
0
0
0
0
0
0
0
0
0
0
0
0
0
0
0
0
0
0
0
0
0
0
1
0
0
0
0
0
0
0
0
0
0
0
0
0
0
0
0
0
0
0
0
0
0
0
0
0
0
0
0
0
0
0
0
0
0
0
0
0
0
0
0
0
0
0
0
0
0
0
0
0
0
0
0
0
0
0
0
0
0
0
0
0
0
0
0
0
0
0
0
0
0
0
0
0
0
0
0
0
0
0
0
0
0
0
0
0
0
0
0
0
0
0
0
0
0
0
0
0
0
0
0
0
0
0
0
0
0
0
0
0
0
0
0
0
0
0
0
0
0
0
0
0
0
0
0
0
0
0
0
0
0
0
0
0
0
0
0
0
0
0
0
0
0
0
0
0
0
0
0
0
0
0
0
0
0
0
0
0
0
0
0
0
0
0
0
0
0
0
0
0
0
0
0
0
0
0
0
0
0
0
0
0
0
0
0
0
0
0
0
0
0
0
0
0
0
0
0
0
0
0
0
0
0
0
0
0
0
0
0
0
0
0
0
0
0
0
0
0
0
0
0
0
0
0
0
0
0
0
0
0
0
0
0
0
0
0
0
0
0
0
0
0
0
0
0
0
0
0
0
0
0
0
0
0
0
0
