0
0
0
0
23
208941
167337
137835
115863
99415
86634
76030
67417
60499
54369
48717
45129
41230
38007
35258
32589
30114
28411
26491
25378
23694
22319
21147
20226
18975
18184
17400
16672
15777
15309
14770
14203
13951
13304
12955
12440
12218
11986
11784
11315
11292
11310
11320
11195
10892
10823
10898
10942
11089
11320
11606
12039
12525
13023
13453
14257
15121
15788
16773
18150
19006
20799
22654
24698
26340
27893
29383
31111
32547
34335
35443
36438
37514
39056
39558
40268
40822
41489
41852
42354
42612
42763
43168
43414
43292
43498
43340
42904
42947
42992
42839
42694
42110
41852
41882
41382
40781
40528
40025
39960
38858
38430
38722
38067
37643
36651
36696
36391
35764
35198
34821
34112
33578
33251
32772
32287
31749
31088
30819
29999
29567
29336
28879
28511
28152
27555
27127
26731
26289
25928
25229
24838
24501
23907
23633
23168
22901
22722
22183
21900
21453
20812
20808
20524
19808
19595
19519
18980
18711
18224
18266
17739
17546
17236
16675
16614
16079
16083
15636
15425
15225
15149
14628
14402
14217
13772
13768
13400
13365
13014
12890
12654
12227
12175
11923
11595
11483
11365
11099
11049
10708
10522
10529
10284
10149
10010
9713
9601
9327
9212
9160
8953
8889
8594
8561
8404
8108
8132
7995
7750
7683
7648
7506
7217
7203
7085
7059
6903
6819
6779
6652
6488
6334
6352
6271
6157
6024
5740
5764
5828
5587
5557
5439
5277
5285
5107
5057
5137
4943
4747
4773
4628
4556
4550
4494
4478
4455
4236
4192
4004
4047
4038
4031
3812
3778
3684
3681
3722
3512
3518
3422
3371
3358
3301
3266
3186
3215
3056
3052
3044
3024
2905
2852
2953
2896
2695
2711
2747
2644
2628
2606
2442
2530
2414
2412
2417
2417
2453
2265
2190
2241
2220
2139
2128
2107
2055
1977
2058
2038
1901
1984
1896
1804
1806
1797
1744
1737
1746
1671
1652
1642
1622
1606
1628
1631
1564
1496
1482
1496
1469
1444
1450
1356
1349
1352
1336
1307
1284
1222
1241
1204
1254
1292
1158
1167
1186
1140
1119
1108
1074
1082
1069
1113
1035
1035
993
1050
935
917
911
905
855
897
929
873
843
912
858
888
816
846
855
798
772
758
774
784
737
722
697
691
684
692
687
702
629
646
627
659
611
573
601
595
613
585
566
565
581
622
566
557
494
537
544
547
518
491
484
461
476
491
463
453
449
429
427
409
400
418
431
378
424
392
377
400
342
371
360
360
365
369
357
336
351
352
338
333
336
324
274
327
279
283
309
291
308
309
269
271
276
282
282
253
268
274
251
251
241
261
249
235
246
220
238
203
224
268
236
217
221
207
195
234
200
199
180
186
196
169
208
183
189
173
158
161
168
195
144
158
151
155
157
140
146
140
133
131
151
115
129
134
121
140
130
115
103
111
108
115
97
119
113
115
102
111
100
73
90
101
87
78
87
76
63
94
84
79
81
61
72
76
74
57
71
60
69
58
69
75
61
49
50
68
69
60
52
52
46
58
43
65
42
37
56
52
51
53
56
39
37
48
32
40
38
41
34
28
37
27
36
28
34
31
34
15
21
24
37
33
30
23
32
24
29
26
34
29
31
21
29
26
18
17
32
26
24
29
21
21
24
19
19
28
21
25
15
19
15
23
26
17
24
19
12
15
22
19
18
12
22
14
15
15
13
13
9
10
17
12
19
11
14
9
11
16
9
10
12
9
9
7
9
6
11
15
8
8
15
9
10
12
13
15
7
13
10
5
10
15
14
8
8
13
10
12
10
19
6
10
8
11
10
12
7
4
11
11
8
8
8
8
7
5
6
6
10
7
9
10
5
8
3
5
10
7
4
12
10
3
8
2
3
8
7
6
6
3
6
4
10
9
10
9
4
11
4
7
7
6
4
3
3
6
4
3
7
6
4
6
4
11
3
8
2
4
7
5
2
5
6
9
4
6
4
7
3
1
1
5
3
2
3
6
7
2
5
5
3
0
6
4
5
5
5
1
4
3
3
1
2
1
3
1
4
2
5
1
2
4
2
4
0
5
5
4
1
1
4
4
4
2
6
1
4
0
2
1
2
1
3
4
2
3
5
4
1
1
4
3
3
2
1
2
0
3
1
4
2
2
2
1
1
3
2
3
0
1
1
1
1
2
3
0
4
2
0
1
1
2
2
1
1
2
2
1
0
0
0
0
5
0
2
1
2
2
1
1
1
0
2
3
1
0
1
1
1
2
0
1
0
2
1
3
0
2
3
0
2
0
2
0
0
1
3
1
2
0
3
2
0
1
0
3
0
0
0
0
3
1
0
0
1
1
0
1
1
1
0
0
1
0
1
1
0
2
0
1
1
0
0
1
0
1
2
0
2
0
0
0
1
2
0
0
1
1
0
0
1
1
0
0
0
1
0
2
1
2
0
0
0
1
0
2
0
1
1
0
0
1
0
0
0
1
0
0
1
0
0
0
0
0
0
0
1
0
0
1
1
0
0
2
0
0
0
0
0
0
1
0
0
0
0
0
0
1
0
0
0
0
1
0
0
0
1
0
0
0
0
0
0
0
0
0
0
0
