0
0
0
0
0
0
0
0
0
0
0
0
0
0
0
0
0
0
0
2
3
6
12
29
18
41
42
57
66
80
73
88
103
138
137
130
138
141
155
191
170
194
176
201
213
213
237
244
219
239
239
218
265
236
219
232
252
237
232
203
234
221
215
232
231
230
230
252
276
322
299
305
318
338
376
416
433
473
464
506
576
589
703
718
881
891
1007
1153
1211
1340
1482
1660
1760
1791
2083
2249
2360
2582
2822
3000
3336
3491
3898
4210
4546
4808
4974
5414
5602
5885
6080
6500
6621
6877
7083
7159
7347
7499
7817
7858
7932
7853
8166
8262
8251
8393
8477
8441
8682
8664
8741
8628
8663
8797
8616
8633
8755
8716
8596
8432
8581
8493
8606
8472
8461
8341
8196
8318
8342
8107
8064
8184
8107
7954
7895
7886
7733
7767
7676
7480
7490
7385
7356
7276
7236
7140
7152
7042
6951
6851
6669
6675
6559
6578
6418
6454
6418
6178
6123
6131
5983
5987
5936
5742
5846
5745
5664
5609
5529
5490
5474
5279
5269
5132
5029
5000
4911
4924
4730
4783
4713
4560
4682
4589
4438
4364
4438
4436
4244
4227
4141
4099
4023
4079
4000
3971
3774
3821
3781
3709
3678
3604
3374
3480
3441
3337
3358
3339
3229
3196
3118
3098
3172
3001
2977
2950
2861
2889
2849
2793
2811
2762
2644
2646
2472
2570
2496
2629
2426
2327
2372
2345
2338
2224
2249
2201
2148
2114
2123
2058
2025
2103
1954
1926
1988
1941
1867
1795
1905
1875
1766
1708
1785
1729
1667
1682
1627
1661
1516
1597
1612
1541
1602
1476
1428
1490
1490
1386
1393
1385
1388
1310
1363
1325
1217
1336
1286
1168
1189
1167
1158
1162
1155
1129
1092
1100
1075
1072
1069
1076
1057
1040
974
1005
978
970
950
920
891
919
862
858
870
834
824
783
820
849
766
740
814
735
725
726
724
737
716
751
704
686
657
715
596
620
584
597
558
594
604
593
562
602
567
618
545
536
541
531
510
509
512
516
483
481
461
467
467
427
439
488
404
417
401
430
405
384
392
388
380
378
387
378
381
401
382
379
329
365
358
372
339
321
315
314
318
319
303
297
287
273
284
276
254
265
290
243
278
245
243
261
222
223
242
239
237
253
223
210
233
253
216
211
207
204
180
207
185
188
178
192
192
189
148
166
173
187
186
158
166
153
141
156
144
163
163
138
148
140
156
111
145
157
129
143
143
127
123
144
121
101
119
123
111
96
124
109
112
108
104
99
89
125
90
97
95
96
93
93
93
82
78
77
95
73
79
74
79
86
73
80
60
68
62
71
62
83
68
65
58
70
65
41
51
63
48
49
54
46
43
53
42
47
53
37
44
41
50
37
34
34
48
33
43
35
29
26
34
41
39
37
25
35
25
26
27
36
18
18
34
29
30
34
36
24
19
21
21
27
22
20
16
17
24
11
19
9
20
18
17
7
12
13
22
17
15
14
18
10
18
12
16
20
16
12
11
15
5
11
20
13
14
21
13
11
8
8
11
15
14
7
7
10
7
13
15
7
15
8
7
7
16
9
13
4
11
4
7
10
7
8
5
7
11
5
8
7
10
5
3
5
5
7
5
5
7
5
4
5
8
8
4
3
7
6
7
3
9
8
5
9
5
3
6
7
12
6
2
7
2
8
8
9
3
6
1
6
5
6
1
2
7
6
6
7
3
4
5
1
3
2
3
2
4
5
2
3
1
3
6
2
2
6
5
3
4
0
2
3
3
2
2
1
3
1
5
4
5
3
3
6
2
3
3
3
2
0
2
0
3
2
4
3
3
3
3
5
0
5
1
1
2
1
1
3
2
2
1
1
0
5
0
0
1
1
0
2
2
4
5
1
1
2
1
0
3
1
4
3
2
1
0
0
2
0
0
1
0
0
0
0
2
0
1
0
2
3
0
2
1
2
0
0
1
0
2
0
2
1
1
0
2
1
1
1
1
1
1
1
1
2
0
0
1
2
2
0
0
1
0
1
0
1
1
2
0
0
0
2
1
3
0
1
0
0
0
1
1
0
1
0
0
0
0
1
0
0
1
1
2
0
0
0
0
0
2
0
0
0
1
0
1
1
0
0
1
1
0
0
0
0
0
0
0
0
0
0
0
2
0
1
0
0
1
0
0
0
0
1
1
0
1
0
1
2
0
1
0
1
0
0
0
0
1
1
0
0
0
0
0
0
0
1
0
0
1
0
0
0
0
0
0
1
0
0
0
1
0
0
1
0
1
0
0
0
1
1
0
0
0
0
0
0
0
0
0
0
0
0
0
0
1
1
0
0
0
0
0
1
0
0
0
0
0
0
0
0
0
1
0
0
1
0
0
0
0
0
0
0
0
0
0
0
0
0
0
1
0
0
0
0
0
0
0
0
0
0
0
0
0
0
0
0
0
0
0
0
0
0
0
0
0
0
0
0
0
0
0
0
0
0
