0
0
0
0
0
0
0
0
0
0
0
0
0
0
0
0
0
0
2
8
12
15
21
38
37
59
60
73
76
87
89
115
114
152
159
143
154
160
169
200
180
195
181
217
219
215
237
256
232
248
252
226
265
244
221
229
257
238
239
209
234
228
219
232
223
208
199
211
231
259
221
222
219
227
237
269
280
301
308
313
339
383
457
472
592
612
684
807
864
955
1076
1237
1359
1382
1631
1772
1866
2101
2310
2395
2662
2845
3283
3479
3840
4022
4207
4645
4838
5084
5358
5733
5856
6162
6294
6420
6611
6778
7081
7107
7187
7136
7442
7572
7584
7717
7841
7778
7990
7991
8103
7987
8050
8153
8022
8031
8160
8122
8052
7888
8021
7921
8079
7934
7931
7804
7695
7767
7831
7633
7579
7696
7629
7469
7394
7416
7270
7276
7248
7035
7024
6946
6896
6849
6795
6677
6748
6634
6517
6404
6278
6287
6171
6207
6022
6077
6046
5824
5743
5749
5606
5658
5575
5397
5510
5413
5305
5260
5164
5147
5148
4972
4946
4827
4704
4720
4619
4600
4417
4472
4394
4261
4390
4264
4145
4055
4112
4104
3939
3895
3821
3794
3705
3754
3677
3646
3463
3486
3460
3400
3316
3286
3050
3134
3120
3006
3017
3027
2889
2831
2735
2752
2809
2666
2611
2536
2483
2504
2483
2420
2390
2347
2243
2253
2109
2176
2089
2167
2039
1922
1976
1905
1911
1825
1848
1774
1703
1686
1687
1674
1630
1689
1562
1519
1545
1520
1463
1404
1442
1449
1370
1307
1358
1307
1267
1211
1225
1231
1093
1218
1208
1154
1139
1052
1025
1054
1074
969
996
959
982
904
962
930
822
921
897
794
784
772
754
762
801
757
700
743
698
693
710
713
707
663
624
639
657
587
593
583
545
564
519
513
545
534
502
468
526
510
493
465
507
418
431
430
435
396
420
442
412
402
347
371
327
354
313
313
303
311
320
318
317
341
311
316
291
267
287
284
261
271
262
258
243
256
260
231
235
214
213
237
197
201
191
208
171
195
189
205
195
192
178
193
185
194
181
171
147
162
164
182
155
139
132
132
146
136
144
125
134
113
120
114
102
115
112
114
123
108
94
114
94
93
103
101
117
91
74
84
91
101
83
68
82
77
67
87
78
83
62
73
88
65
69
63
58
72
68
59
61
59
51
58
59
55
61
47
56
57
48
43
52
57
44
53
50
44
42
43
35
33
40
41
26
31
40
31
44
38
42
39
28
41
24
35
32
29
29
32
30
24
20
29
28
18
20
17
22
35
19
25
26
23
16
12
21
20
24
18
16
22
15
14
16
18
16
11
17
15
8
13
10
10
13
11
15
14
15
11
8
8
13
6
13
11
8
9
11
10
10
6
4
6
8
9
8
9
2
4
3
16
5
12
10
3
4
7
4
3
9
4
6
5
5
4
6
2
5
3
4
0
5
5
9
7
3
5
2
1
3
1
4
3
8
4
3
4
0
2
3
4
4
6
2
4
3
3
0
5
3
1
2
6
3
1
2
2
5
1
3
3
2
3
2
1
4
2
1
1
3
1
2
0
4
0
3
2
3
3
0
2
0
0
0
2
1
1
1
2
1
3
0
1
2
1
2
1
0
1
1
0
2
0
1
3
4
1
0
0
2
3
2
3
2
3
2
2
1
0
0
0
0
0
2
3
0
0
1
0
0
0
1
0
4
1
0
2
0
0
2
1
0
1
2
1
2
0
0
1
2
1
1
1
0
0
1
1
1
1
1
0
1
0
0
2
0
0
0
1
0
0
0
1
0
1
0
1
0
0
0
0
0
0
1
1
1
0
0
1
1
1
0
0
0
0
0
1
0
0
1
1
0
0
0
0
0
0
1
1
0
0
1
0
0
0
0
0
0
0
0
0
0
0
0
0
0
0
0
1
0
1
0
0
0
0
0
0
0
1
0
0
0
0
1
0
0
0
0
2
0
0
0
0
0
0
0
0
0
1
0
0
0
0
0
1
0
0
0
0
1
0
0
0
0
0
0
0
0
0
0
0
0
0
0
0
0
0
0
1
0
0
0
0
0
0
0
0
0
0
0
0
0
0
0
0
0
0
0
0
0
0
0
0
0
0
0
0
0
0
0
0
0
0
0
0
0
0
0
0
0
0
0
0
0
0
0
0
0
0
0
0
0
0
1
0
0
0
1
0
0
0
0
0
0
0
0
0
0
0
0
0
0
0
0
0
0
0
0
0
1
0
0
0
0
0
0
0
0
0
0
0
0
0
0
0
0
0
0
0
0
0
0
0
0
0
0
0
0
1
0
0
0
0
0
0
0
0
0
0
0
0
0
0
0
0
0
0
0
0
1
0
0
0
0
0
0
1
0
0
0
0
0
0
1
0
0
0
0
0
0
0
0
0
0
0
0
0
0
0
0
0
0
0
0
0
0
0
0
0
0
0
