0
0
0
0
0
0
0
0
0
0
0
0
0
0
0
0
0
0
0
0
0
0
0
0
0
0
0
0
0
0
0
0
0
0
0
0
0
0
0
0
0
0
0
0
0
0
0
0
0
0
0
0
0
0
0
0
0
0
0
0
0
0
0
0
0
0
0
0
0
0
0
0
0
0
0
0
0
0
0
0
0
0
0
0
0
0
0
0
0
0
0
0
0
0
0
0
0
0
0
0
0
0
0
0
0
0
0
0
0
0
0
0
0
0
0
0
0
0
0
0
0
0
0
0
0
0
0
0
0
0
0
0
0
0
0
0
0
0
0
0
0
0
0
0
0
0
0
0
0
0
0
0
0
0
0
0
0
0
0
0
0
0
0
0
0
0
0
0
0
0
0
0
0
0
0
0
0
0
0
0
0
0
0
0
0
0
0
0
0
0
0
0
0
0
0
0
0
0
0
0
0
0
0
0
0
0
0
0
0
0
0
0
0
0
0
0
0
0
0
0
0
0
0
0
0
0
0
4
13
58
117
192
313
577
939
1613
2385
3330
4403
5363
6565
7482
8491
9544
10381
11363
12237
13219
13844
14832
15403
16093
16844
17565
17888
18707
19359
19974
20211
20621
21206
21435
22036
22224
22302
22893
22982
23390
23731
23569
23786
24013
23767
24144
24272
24110
24797
24644
24696
24810
24679
24623
24533
24943
24621
24581
24452
24383
24503
24091
24554
24219
24035
24366
24194
23513
23608
23735
23169
23364
23330
23181
22817
22812
22593
22672
22607
22237
22267
22077
21848
21545
21310
21018
21299
20867
20834
20650
20289
20179
20092
19884
19685
19609
19299
19155
18883
18852
18603
18523
18341
18025
18053
18063
17674
17400
17483
17389
16748
16876
16732
16141
16364
16038
16128
15789
15638
15617
15159
15178
15107
14919
14765
14552
14690
14126
14105
13936
13968
13590
13624
13480
13127
13070
12751
12688
12612
12371
12297
12341
11842
11800
11765
11634
11424
11500
11011
11134
10987
10828
10802
10703
10410
10304
10329
10349
10026
9815
9678
9549
9440
9438
9326
9231
9022
9012
8786
8755
8610
8670
8652
8393
8295
8172
8032
8043
7945
7885
7487
7690
7568
7346
7211
7154
7235
7102
6820
6759
6731
6753
6730
6526
6563
6362
6414
6328
6042
6047
5967
5873
5870
5731
5724
5592
5551
5527
5523
5247
5193
5263
5110
5078
5036
4896
4879
4814
4818
4727
4631
4551
4603
4681
4539
4283
4283
4275
4233
4164
4150
4039
4001
4000
3954
3970
3870
3759
3706
3684
3490
3690
3525
3536
3475
3400
3354
3278
3252
3255
3238
3102
3090
3178
2949
2940
2986
2866
2902
2764
2872
2742
2641
2724
2665
2650
2565
2590
2537
2402
2567
2423
2386
2402
2307
2227
2293
2274
2202
2272
2158
2157
2167
2000
2146
2075
2073
1957
1998
1906
1923
1835
1882
1843
1867
1786
1734
1713
1693
1697
1710
1608
1595
1621
1542
1492
1494
1536
1552
1497
1423
1395
1351
1440
1330
1359
1185
1319
1276
1351
1274
1193
1280
1187
1196
1198
1126
1165
1118
1135
1124
1085
1082
1049
1048
980
1080
1040
1018
989
948
918
943
900
914
915
913
899
875
838
862
873
817
790
804
816
754
732
797
733
712
698
681
663
695
694
714
699
723
696
625
641
595
612
618
637
633
579
545
605
535
523
573
556
520
542
525
513
505
516
540
512
467
483
493
463
449
454
432
434
428
440
416
426
441
404
351
404
422
400
410
358
392
365
340
359
357
349
321
351
337
341
319
336
297
306
328
330
298
311
307
289
261
272
259
291
298
245
285
279
290
284
245
235
220
244
254
233
237
236
223
203
200
211
237
229
211
215
202
172
180
206
190
182
180
209
187
195
186
177
185
159
171
157
206
166
167
150
175
143
135
143
153
136
191
141
141
143
137
149
129
115
141
124
112
130
141
143
128
108
97
123
114
101
103
110
98
112
125
117
112
110
102
103
96
100
78
100
89
101
86
89
105
96
78
104
84
86
81
81
84
70
69
74
84
82
68
81
57
70
75
67
76
64
73
56
58
56
55
61
65
56
59
47
48
43
48
46
50
49
61
59
57
55
43
54
48
53
39
43
38
40
48
44
56
35
51
52
37
42
34
33
29
42
27
39
45
39
31
30
47
38
29
33
39
27
34
29
34
26
20
28
20
26
22
23
29
27
25
30
23
25
19
31
29
30
29
28
25
20
21
24
25
25
18
23
22
15
22
25
19
29
25
23
15
22
18
18
11
18
20
12
18
19
17
24
15
14
11
15
8
21
15
11
12
13
9
11
17
17
14
10
8
17
8
9
14
15
7
16
10
14
15
3
14
10
14
12
13
16
15
10
8
9
7
7
11
12
11
8
9
4
9
6
7
6
5
12
1
4
5
4
8
6
8
7
11
4
9
3
4
6
7
6
5
8
4
3
8
1
6
2
4
12
5
7
5
5
3
3
4
2
4
1
10
4
2
4
6
2
2
4
3
5
10
1
2
2
3
4
5
1
3
1
3
4
5
5
0
3
1
2
1
6
3
5
2
4
2
2
1
2
