0
0
0
0
0
0
0
0
0
0
0
0
0
0
0
0
0
0
0
0
0
0
0
0
0
0
0
0
0
0
0
0
0
0
0
0
0
0
0
0
0
0
0
0
0
0
0
0
0
0
0
0
0
0
0
0
0
0
0
0
0
0
0
0
0
0
0
0
0
0
0
0
0
0
0
0
0
0
0
0
0
0
0
0
0
0
0
0
0
0
0
0
0
0
0
0
0
0
0
0
0
0
0
0
0
0
0
0
0
0
0
0
0
0
0
0
0
0
0
0
0
0
0
0
0
0
0
0
0
0
0
0
0
0
0
0
0
0
0
0
0
0
0
0
0
0
0
0
0
0
0
0
0
0
0
0
0
0
0
0
0
0
0
0
0
0
0
0
0
0
0
0
0
0
0
0
0
0
0
0
0
0
0
0
0
0
0
0
0
0
0
0
0
0
0
0
0
0
0
0
0
0
0
0
0
0
0
0
0
0
0
1009
2696
3304
3512
3855
3937
4041
3922
4104
4123
4373
5022
6244
8070
9911
11919
14003
16088
18338
20277
22106
24137
26100
27335
29145
30514
31933
33445
34505
35896
36816
37375
38712
39344
40568
40737
41321
41896
42662
42687
43433
43483
43672
43829
44501
44858
44947
44825
45017
45367
44931
45170
45316
44685
45087
44913
44705
45029
44420
44363
44092
43492
43302
43305
42879
43504
42839
42613
42621
41997
41721
41161
41376
40675
40491
40084
39836
39540
39005
39329
38760
38149
38292
37996
36637
36772
36612
35700
35853
35621
35210
34938
34727
34061
34156
33797
33295
32884
32600
32313
31764
31429
31082
31068
30508
30358
30091
29324
29168
29171
28703
28446
28127
27561
27395
27003
26860
26420
26314
25953
25563
25431
25427
24844
24585
24613
24171
23409
23432
23336
22740
22754
22316
22357
21879
21743
21440
21036
20987
20686
20616
20374
19950
20136
19324
19242
19185
19048
18605
18592
18342
17959
17832
17397
17431
17245
16839
16746
16635
16204
15969
15778
15680
15550
15523
15002
15124
14881
14728
14511
14333
14104
13833
13863
13765
13417
13248
13091
12992
12733
12763
12615
12482
12152
12115
11771
11796
11556
11637
11672
11281
11129
10951
10926
10839
10691
10698
10160
10340
10298
9949
9745
9627
9736
9632
9307
9134
9106
9166
9135
8898
8870
8646
8655
8552
8284
8160
8136
8048
7962
7781
7838
7510
7466
7424
7475
7164
7130
7144
7036
6914
6923
6717
6727
6612
6557
6444
6416
6361
6289
6322
6205
5911
5958
5955
5887
5815
5767
5600
5537
5518
5499
5510
5370
5223
5187
5152
4949
5161
4902
4935
4778
4811
4741
4657
4601
4632
4564
4393
4364
4370
4205
4155
4229
4114
4098
3933
4074
3877
3818
3881
3810
3734
3674
3665
3649
3488
3653
3454
3461
3508
3337
3295
3322
3289
3151
3295
3181
3175
3185
3026
3111
2984
3056
2938
2939
2856
2861
2695
2778
2738
2812
2608
2555
2574
2560
2562
2575
2512
2433
2478
2373
2277
2370
2349
2360
2282
2202
2180
2167
2202
2047
2118
1973
1997
2019
2088
1986
1891
1982
1898
1906
1870
1815
1834
1773
1856
1809
1706
1766
1716
1650
1635
1755
1702
1660
1627
1585
1515
1539
1505
1491
1456
1462
1486
1495
1419
1429
1442
1379
1292
1355
1369
1328
1243
1363
1241
1258
1209
1174
1183
1196
1195
1217
1211
1217
1177
1079
1147
1063
1081
1044
1085
1107
1029
1009
1016
982
956
1042
1006
921
953
904
964
889
910
934
907
862
876
868
838
784
857
795
809
811
791
770
816
777
749
686
739
771
745
728
700
740
692
669
677
684
660
617
670
682
679
624
621
589
613
619
642
563
601
586
546
555
554
535
571
577
505
543
542
551
545
469
487
462
492
484
487
490
466
470
462
427
444
488
449
449
434
425
384
384
426
403
394
382
436
386
417
374
388
390
345
358
314
403
349
343
351
337
326
321
360
313
305
361
320
313
333
303
312
289
287
311
289
269
286
321
304
278
252
229
283
246
243
247
257
226
234
267
261
270
240
242
244
227
262
207
247
230
229
223
208
218
205
225
221
211
214
200
195
206
193
204
173
185
202
183
197
184
171
196
166
181
165
181
166
152
164
153
147
161
167
150
132
142
148
142
151
143
141
151
140
135
152
128
148
130
152
114
119
115
123
139
123
139
120
141
149
121
116
113
112
113
126
106
106
116
116
104
104
123
113
97
90
97
98
100
88
97
82
80
96
85
104
82
90
104
90
90
106
89
77
89
101
85
69
84
79
81
64
73
80
72
71
61
74
70
54
59
64
69
82
73
74
70
61
64
59
57
63
59
46
53
50
50
62
52
51
38
65
45
68
59
54
57
56
37
45
63
44
53
34
53
50
43
32
44
47
47
43
41
49
41
35
45
43
50
38
49
42
41
34
33
29
33
30
35
37
39
35
33
43
36
32
24
35
28
39
27
21
33
29
24
22
32
37
34
20
37
24
23
30
39
20
25
29
19
23
28
27
22
30
21
28
16
19
30
24
16
16
14
26
17
22
26
18
12
20
18
21
27
17
12
19
29
16
20
20
18
19
15
15
13
10
14
13
12
18
15
20
11
21
13
22
15
14
19
13
11
8
14
12
