0
0
0
0
0
0
0
0
0
0
0
0
0
0
0
0
0
0
0
0
0
0
0
0
0
0
0
0
0
0
0
0
0
0
0
0
0
0
0
0
0
0
0
0
0
0
0
0
0
0
0
0
0
0
0
0
0
0
0
0
0
0
0
0
0
0
0
0
0
0
0
0
0
0
0
0
0
0
0
0
0
0
0
0
0
0
0
0
0
0
0
0
0
0
0
0
0
0
0
0
0
0
0
0
0
0
0
0
0
0
0
0
0
0
0
0
0
0
0
0
0
0
0
0
0
0
0
0
0
0
0
0
0
0
0
0
0
0
0
0
0
0
0
0
0
0
0
0
0
0
0
0
0
0
0
0
0
0
0
0
0
0
0
0
0
0
0
0
0
0
0
0
0
0
0
0
0
0
0
0
0
0
0
0
0
0
0
0
0
0
0
0
0
0
0
0
0
0
0
0
0
0
0
0
0
0
0
0
0
0
0
0
0
0
0
0
0
0
0
0
0
0
0
0
0
0
0
4
6
36
98
165
250
483
776
1301
2021
2868
3934
4843
5950
6903
7913
8891
9765
10737
11581
12531
13219
14142
14801
15433
16187
16927
17275
18085
18731
19307
19551
19986
20582
20838
21443
21652
21677
22328
22414
22798
23142
23041
23255
23441
23293
23611
23710
23604
24266
24127
24116
24250
24120
24074
23960
24343
24009
23954
23865
23777
23876
23486
23889
23532
23354
23701
23504
22829
22916
23003
22414
22613
22620
22374
22034
22032
21797
21851
21764
21344
21352
21231
20941
20653
20474
20124
20364
19922
19858
19724
19285
19205
19077
18906
18674
18569
18280
18132
17844
17787
17507
17441
17255
16908
16884
16897
16527
16270
16273
16146
15499
15575
15391
14867
15096
14695
14696
14378
14198
14154
13673
13537
13494
13242
13033
12735
12763
12228
12125
11863
11893
11449
11432
11168
10774
10758
10333
10191
10054
9845
9634
9595
9152
9063
9038
8813
8656
8651
8181
8283
8007
7929
7814
7607
7421
7216
7317
7131
7001
6714
6567
6474
6318
6268
6125
6041
5857
5839
5615
5581
5484
5492
5427
5132
5175
5070
4926
4782
4739
4723
4414
4485
4437
4236
4182
4046
4053
4016
3797
3745
3701
3694
3642
3481
3627
3337
3413
3309
3168
3128
3056
2961
3018
2851
2907
2740
2766
2697
2703
2488
2497
2498
2448
2358
2364
2274
2277
2222
2241
2128
2044
2016
2032
2084
1960
1864
1855
1855
1775
1749
1801
1655
1667
1641
1603
1596
1532
1445
1453
1451
1342
1399
1409
1365
1358
1209
1238
1222
1207
1169
1178
1141
1085
1072
972
1043
978
970
956
978
955
883
845
900
880
873
848
828
817
765
824
743
762
742
714
684
698
744
659
651
591
638
671
585
619
605
529
562
571
497
539
499
500
517
482
490
476
459
453
470
440
449
434
430
387
387
389
398
399
381
363
379
337
358
339
354
311
331
323
351
298
332
305
262
307
289
259
296
275
264
258
249
267
266
209
232
247
240
245
229
230
226
213
201
198
225
204
203
205
178
196
182
198
183
192
179
164
156
166
152
172
147
151
144
147
143
139
169
162
146
128
129
107
123
149
140
128
129
111
123
112
111
123
105
98
110
98
107
103
109
111
104
87
105
90
99
102
90
95
92
91
86
81
98
70
85
71
57
92
81
75
70
85
67
64
74
62
59
62
67
72
64
59
65
70
56
70
77
42
61
61
61
59
56
54
60
65
47
51
61
58
54
56
39
41
41
52
47
47
58
44
32
44
39
46
45
37
41
34
42
38
38
36
39
42
37
32
37
46
37
29
30
37
35
39
40
38
28
38
24
31
30
33
30
35
34
28
28
30
29
36
26
39
26
18
27
34
26
31
23
22
23
17
27
25
19
21
26
30
24
20
28
28
20
23
22
20
29
22
22
21
20
21
20
16
13
18
20
16
17
20
17
20
15
23
24
22
16
18
11
22
17
22
18
19
20
11
14
11
14
19
10
11
10
16
5
17
11
10
10
15
14
12
13
9
16
15
17
8
11
12
11
9
11
14
16
16
9
3
9
8
7
5
14
9
7
10
10
11
10
7
7
10
10
12
15
13
10
4
5
7
12
7
10
7
7
5
7
12
10
10
6
4
14
5
7
8
8
10
2
7
13
4
12
3
7
4
4
5
5
8
8
12
7
7
8
4
4
4
5
6
7
7
8
2
4
4
4
3
2
5
7
3
6
5
3
3
6
3
3
7
6
5
3
7
3
4
4
4
5
2
7
3
1
6
3
7
5
6
4
3
3
5
3
3
1
4
2
3
2
5
6
2
2
4
4
2
3
4
2
3
1
2
1
5
2
3
0
3
2
2
5
6
5
2
2
5
3
3
1
0
3
0
4
0
2
2
0
0
1
1
1
0
1
2
3
1
0
2
0
3
1
0
3
3
1
1
2
0
0
0
1
3
1
0
1
1
2
0
3
1
3
1
1
0
4
3
1
1
2
1
1
