 
  0.015  39.072  
  0.016  39.9379  
  0.017  40.6044  
  0.018  41.1243  
  0.019  41.5353  
  0.02  41.874  
  0.021  42.1671  
  0.022  42.4281  
  0.023  42.6634  
  0.024  42.8838  
  0.025  43.095  
  0.026  43.303  
  0.027  43.5116  
  0.028  43.7343  
  0.029  43.961  
  0.03  43.9266  
  0.031  43.8693  
  0.032  43.5257  
  0.033  43.1753  
  0.034  42.8188  
  0.035  42.4538  
  0.036  42.0865  
  0.037  41.7118  
  0.038  41.3287  
  0.039  40.9453  
  0.04  40.5619  
  0.041  40.1773  
  0.042  39.7911  
  0.043  39.4081  
  0.044  39.0268  
  0.045  38.648  
  0.046  38.2636  
  0.047  37.8759  
  0.048  37.4939  
  0.049  37.1126  
  0.05  36.7295  
  0.051  36.3433  
  0.052  35.9514  
  0.053  35.571  
  0.054  35.1847  
  0.055  34.873  
  0.056  34.633  
  0.057  34.3992  
  0.058  34.1682  
  0.059  33.9416  
  0.06  33.7158  
 
