0
0
0
0
0
0
0
0
0
0
0
0
0
0
0
0
0
0
0
0
8
3
7
13
35
56
106
190
522
830
1394
1842
2355
2910
3193
3706
4057
4254
4603
4794
4873
5215
5254
5374
5282
5280
5393
5423
5213
5268
5252
4974
5177
4933
4753
4618
4648
4571
4342
4368
4204
4119
3847
3872
3696
3676
3519
3321
3425
3294
3016
2969
2784
2672
2584
2501
2380
2193
2345
2106
2066
1881
1850
1854
1738
1625
1545
1533
1429
1384
1283
1294
1164
1206
1091
1052
993
932
876
823
823
812
756
718
757
668
642
627
591
567
468
532
465
469
475
470
415
368
349
395
347
327
344
321
278
283
252
269
278
236
224
220
214
178
177
172
182
168
166
168
161
124
128
129
140
107
122
93
105
110
99
81
85
78
86
78
77
78
82
70
58
67
66
62
81
72
65
63
68
47
52
52
47
60
40
47
48
30
40
43
25
43
43
36
27
31
33
32
30
32
28
37
35
18
21
22
23
22
19
20
25
29
17
20
24
15
18
14
23
10
15
16
12
10
22
10
17
12
10
15
13
13
16
11
6
5
9
8
6
9
3
7
2
8
11
4
2
9
7
7
7
8
8
8
4
5
6
1
8
5
1
3
9
2
5
5
3
7
7
2
4
3
3
4
3
1
1
3
0
0
3
1
3
1
0
2
4
2
2
0
1
2
0
0
1
1
3
1
4
1
1
0
3
0
1
0
1
1
1
0
0
1
0
0
0
0
0
2
0
0
0
3
0
0
0
0
0
1
0
0
1
0
0
0
1
0
0
0
0
0
0
0
0
0
0
0
0
0
0
0
0
0
0
0
0
0
1
0
0
0
0
0
0
0
0
0
0
0
0
0
0
0
0
0
0
0
0
0
0
0
0
0
0
0
0
0
0
0
0
0
0
0
0
0
0
0
0
0
0
0
0
0
0
0
0
0
0
0
0
0
0
0
0
0
0
0
0
0
0
0
0
0
0
0
0
0
0
0
0
0
0
0
0
0
0
0
0
0
0
0
0
0
0
0
0
0
0
0
0
0
0
0
0
0
0
0
0
1
0
0
0
0
0
0
0
0
0
0
0
0
0
0
0
0
0
0
0
0
0
0
0
0
0
0
0
0
0
0
0
1
0
0
0
0
0
0
0
0
0
0
0
0
1
0
0
0
0
0
0
0
0
0
0
0
0
0
0
0
0
0
0
0
0
0
0
0
0
0
0
0
0
0
0
0
0
0
0
0
0
0
0
0
0
0
0
0
0
0
0
0
0
0
0
0
0
0
0
0
0
0
0
0
0
0
0
0
0
0
0
0
0
0
0
0
0
0
0
0
0
0
0
0
0
0
0
0
0
0
0
0
0
0
0
0
0
0
0
0
0
0
0
0
0
0
0
0
0
0
0
0
0
0
0
0
0
0
0
0
0
0
0
0
0
0
0
0
0
0
0
0
0
0
0
0
0
0
0
0
0
0
0
0
0
0
0
0
0
0
0
0
0
0
0
0
0
0
0
0
0
0
0
0
0
0
0
0
0
0
0
0
0
0
0
0
0
0
0
0
0
0
0
0
0
0
0
0
0
0
0
0
0
0
0
0
0
0
0
0
0
0
0
0
0
0
0
0
0
0
0
0
0
0
0
0
0
0
0
0
0
0
0
0
0
0
0
0
0
0
0
0
0
0
0
0
0
0
0
0
0
0
0
0
0
0
0
0
0
0
0
0
0
0
0
0
0
0
0
0
0
0
0
0
0
0
0
0
0
0
0
0
0
0
0
0
0
0
0
0
0
0
0
0
0
0
0
0
0
0
0
0
0
0
0
0
0
0
0
0
0
0
0
0
0
0
0
0
0
0
0
0
0
0
0
0
0
0
0
0
0
0
0
0
0
0
0
0
0
0
0
0
0
0
0
0
0
0
0
0
0
0
0
0
0
0
0
0
0
0
0
0
0
0
0
0
0
0
0
0
0
0
0
0
0
0
0
0
0
0
0
0
0
0
0
0
0
0
0
0
0
0
0
0
0
0
0
0
0
0
0
0
0
0
0
0
0
0
0
0
0
0
0
0
0
0
0
0
0
0
0
0
0
0
0
0
0
0
0
0
0
0
0
0
0
0
0
0
0
0
0
0
0
0
0
0
0
0
0
0
0
0
0
0
0
0
0
0
0
0
0
0
0
0
0
0
0
0
0
0
0
0
0
0
0
0
0
0
0
0
0
0
0
0
0
0
0
0
0
0
0
0
0
0
0
0
0
0
0
0
0
0
0
0
0
0
0
0
0
0
0
0
0
0
0
0
0
0
0
0
0
0
