0
0
0
0
0
0
0
0
0
0
0
0
0
0
0
0
0
0
0
0
129
132
168
207
244
317
403
493
878
1165
1790
2255
2742
3343
3657
4186
4559
4752
5076
5251
5411
5741
5795
5928
5816
5845
6005
6029
5845
5899
5946
5602
5887
5616
5479
5356
5418
5293
5108
5145
5033
5003
4693
4699
4515
4585
4396
4152
4304
4289
3984
3996
3792
3705
3621
3630
3514
3307
3494
3276
3222
3056
3070
3024
2981
2834
2776
2750
2688
2572
2506
2483
2393
2439
2340
2230
2208
2011
2064
2015
2048
1926
1905
1860
1873
1805
1715
1667
1723
1618
1522
1562
1445
1452
1450
1472
1407
1293
1262
1259
1307
1223
1260
1164
1142
1137
1042
1126
1063
1053
1008
973
963
931
872
917
905
837
846
840
820
797
737
721
710
736
668
625
688
611
611
598
602
616
560
567
569
599
545
548
473
508
462
500
508
474
469
426
398
420
408
433
392
421
363
434
378
389
326
348
329
337
348
319
323
301
302
347
290
272
275
288
257
252
230
253
233
223
227
231
242
199
200
205
221
206
188
194
230
177
181
192
183
160
155
158
166
161
191
167
153
159
140
139
144
124
115
133
129
115
115
122
97
117
123
112
97
118
113
94
105
112
94
95
89
86
99
101
79
79
93
86
88
79
84
74
67
83
75
69
67
53
76
63
76
64
54
60
67
54
66
52
50
55
49
40
49
44
53
56
41
45
46
48
40
36
42
44
52
52
48
31
38
38
31
27
35
28
44
28
38
28
24
26
29
29
27
28
30
23
38
29
19
29
31
25
23
35
29
22
18
16
16
25
15
14
15
13
26
18
9
25
14
13
17
15
24
13
15
10
11
13
10
18
15
11
16
13
19
15
16
11
13
11
14
10
10
15
6
10
7
11
8
5
8
6
12
7
10
13
12
5
9
10
8
3
7
5
12
6
7
9
1
2
5
7
6
9
5
3
5
2
6
4
2
4
5
6
4
4
8
2
3
3
5
4
6
2
1
4
3
4
4
5
2
2
5
1
5
7
6
5
2
2
3
6
1
2
2
4
3
5
3
1
2
5
3
4
0
4
2
1
2
0
5
0
0
3
0
1
1
2
1
2
1
3
0
2
1
3
2
1
0
0
1
2
3
3
2
2
2
1
1
3
2
1
2
0
0
1
1
0
0
1
2
0
1
1
1
2
0
1
1
2
1
2
2
1
2
0
0
1
0
2
1
0
0
0
0
1
0
0
0
0
0
0
0
0
0
1
0
2
1
0
0
0
1
0
1
0
1
0
0
0
0
0
2
0
0
1
1
0
0
0
0
0
0
1
0
0
0
1
0
0
0
0
0
0
0
0
1
1
0
0
0
0
0
0
1
0
0
0
1
0
0
0
0
0
0
1
0
1
1
0
1
0
0
0
0
0
0
0
0
0
0
1
0
0
0
0
0
0
0
0
0
0
0
0
0
0
0
0
0
0
0
0
0
0
0
0
0
0
0
0
0
0
1
0
0
0
0
0
0
0
0
0
0
0
0
0
0
0
0
0
1
0
0
0
0
0
0
1
0
0
0
0
0
0
0
0
0
0
0
0
0
0
0
0
1
0
0
0
0
0
0
0
1
0
0
0
0
0
0
0
0
0
0
0
0
0
0
0
0
0
0
0
0
0
0
1
0
0
0
0
0
0
0
0
0
0
0
0
0
0
0
0
0
0
0
0
0
0
0
0
0
0
0
0
0
0
0
0
0
0
0
0
0
0
0
0
0
0
0
0
0
0
0
0
0
0
0
0
0
0
0
0
0
0
0
0
0
0
0
0
0
0
0
0
0
0
0
0
0
0
0
0
0
0
0
0
0
0
0
0
0
0
0
0
0
0
0
0
0
0
0
0
0
0
0
0
0
0
0
0
0
0
0
0
0
0
0
0
0
0
0
0
0
0
0
0
0
0
0
0
0
0
0
0
0
0
0
0
0
0
0
0
0
0
0
0
0
0
0
0
0
0
0
0
0
1
1
0
0
0
0
0
0
0
0
0
0
0
0
0
0
0
0
0
0
1
0
0
0
0
0
0
0
0
0
0
0
0
0
0
0
0
0
0
0
0
0
0
0
0
0
0
0
0
0
0
0
0
0
0
0
0
0
0
0
0
0
0
0
0
0
0
0
0
0
0
0
0
0
0
0
0
0
0
0
0
0
0
0
0
0
0
0
0
0
0
0
0
0
0
0
0
0
0
0
0
0
0
0
0
0
0
0
0
0
0
0
0
0
0
0
0
0
0
0
0
0
0
0
0
0
0
0
0
0
0
0
0
0
0
0
0
0
0
0
0
0
0
0
0
0
0
0
0
0
0
