0
0
0
0
0
0
0
0
0
0
0
0
0
0
0
0
0
0
0
0
7543
9916
12520
14662
16309
17907
19139
19677
20285
20645
21089
21014
21105
20784
20478
20234
19974
19221
18773
18578
18069
17751
17098
16828
16136
15759
15371
15025
14328
14048
13815
12954
12907
12357
11916
11499
11364
10914
10555
10234
10009
9633
9089
8890
8640
8479
8239
7775
7778
7622
7096
7091
6722
6472
6340
6208
6010
5601
5749
5532
5351
5113
4986
4901
4716
4537
4331
4327
4182
4007
3873
3843
3702
3684
3456
3350
3291
3095
3140
3011
3017
2889
2741
2698
2646
2572
2417
2378
2475
2278
2236
2197
2057
2029
1976
2053
1926
1839
1755
1754
1762
1659
1686
1552
1537
1516
1444
1492
1413
1381
1348
1342
1274
1240
1171
1209
1180
1141
1110
1110
1051
1046
1002
935
933
898
842
815
879
796
798
773
767
780
711
714
747
749
675
672
607
638
581
637
632
596
588
542
508
515
515
507
491
521
462
505
480
479
419
425
406
418
425
393
388
364
371
408
351
333
339
343
311
311
288
310
294
280
268
282
300
247
255
260
274
259
225
217
272
209
211
226
207
194
184
187
208
195
226
197
180
184
167
170
167
159
143
155
157
142
138
154
119
143
141
134
120
140
126
114
117
126
113
105
96
101
118
111
98
93
109
102
94
93
94
94
80
95
90
81
77
64
89
75
89
69
72
67
77
66
73
61
58
62
55
47
55
54
59
65
45
55
52
62
45
44
46
49
62
58
51
38
47
52
39
36
41
30
47
35
45
34
29
31
37
32
34
32
37
31
42
34
26
33
36
26
28
39
36
25
22
20
19
27
19
16
20
18
27
24
12
27
17
16
17
19
27
15
15
15
11
15
12
19
17
11
18
16
19
18
17
13
16
14
14
13
11
15
7
10
8
13
8
6
10
7
12
9
13
16
14
5
11
10
8
4
7
5
12
7
9
9
1
2
6
9
8
10
6
4
6
2
6
5
2
8
5
6
4
5
10
5
5
3
5
5
8
4
1
6
3
4
4
5
2
2
5
1
6
7
6
5
2
2
4
6
2
3
4
4
4
5
3
1
2
5
3
4
1
4
2
1
2
0
6
2
0
3
0
2
1
2
1
3
1
3
0
2
1
3
3
1
0
0
1
2
3
3
2
2
2
1
1
3
2
2
3
0
0
1
1
0
1
2
2
0
2
1
1
2
0
1
1
2
1
2
2
1
2
0
0
1
0
2
1
0
0
0
1
1
1
0
0
0
0
0
1
0
0
1
0
2
1
1
0
0
1
0
1
0
1
0
0
0
0
0
3
0
0
1
1
0
0
0
0
0
1
1
0
0
0
1
0
0
0
0
1
0
0
0
1
1
0
0
0
0
0
1
2
1
0
0
1
1
0
0
0
0
0
1
0
1
1
0
1
0
0
0
0
0
0
0
0
0
0
1
0
0
0
0
0
0
1
0
0
0
0
0
0
0
0
0
0
0
0
0
0
0
0
0
0
0
0
0
0
0
1
0
1
0
0
0
0
0
0
0
0
0
0
0
0
0
0
0
1
0
0
0
1
0
0
1
0
0
0
0
0
0
0
0
0
0
0
0
0
0
0
0
1
0
0
0
0
0
0
0
1
0
0
0
0
0
0
0
0
0
0
0
0
0
0
0
0
0
0
0
0
0
0
1
0
0
0
0
0
0
0
0
0
0
0
0
0
0
0
0
0
0
0
0
0
0
1
0
0
0
0
1
0
0
0
0
0
0
0
0
0
0
1
0
0
0
0
0
0
0
0
0
0
0
0
0
0
1
0
0
0
0
0
0
0
0
0
0
0
0
0
0
0
0
0
0
0
0
1
0
0
0
0
0
0
0
0
0
0
0
0
0
0
0
0
0
0
0
0
0
0
0
0
0
0
0
0
0
0
0
0
0
0
0
0
0
0
0
0
0
0
0
0
0
0
0
0
0
0
0
0
0
0
0
0
0
0
0
0
0
0
0
0
0
0
0
0
0
0
0
0
0
0
1
1
0
0
0
0
0
0
0
0
0
0
0
0
0
0
0
0
0
0
1
0
0
0
0
0
0
0
0
0
0
0
0
0
0
0
0
0
0
0
0
0
0
0
0
0
0
0
0
0
0
0
0
0
0
0
0
0
0
0
0
0
0
0
0
0
0
0
0
0
0
0
0
0
0
0
0
0
0
0
0
0
0
0
0
0
0
0
0
0
0
0
0
0
0
0
0
0
0
0
0
0
0
0
0
0
0
0
0
0
0
0
0
0
0
0
0
0
0
0
0
0
0
0
0
0
0
0
0
0
0
0
0
0
0
0
0
0
0
0
0
0
0
0
0
0
0
0
0
0
0
