0
0
0
0
0
0
0
0
0
0
0
0
0
0
0
0
0
0
0
0
0
0
0
0
0
0
0
0
0
0
0
0
0
0
0
0
0
0
0
0
0
0
0
0
0
0
0
0
0
0
21
11
11
17
23
15
13
18
17
14
28
29
14
21
20
23
27
21
19
19
29
24
29
21
30
31
44
42
43
60
72
79
78
116
103
141
140
163
210
217
261
266
312
377
373
413
417
492
526
567
637
677
817
838
915
959
1009
1090
1185
1179
1218
1331
1312
1449
1465
1398
1519
1576
1593
1578
1627
1668
1584
1759
1729
1738
1721
1699
1773
1755
1723
1713
1726
1764
1818
1752
1762
1763
1756
1833
1755
1706
1648
1723
1796
1743
1793
1695
1701
1609
1612
1646
1665
1668
1670
1627
1570
1562
1621
1602
1570
1474
1500
1468
1497
1381
1441
1392
1414
1454
1346
1323
1360
1352
1269
1330
1292
1312
1240
1310
1249
1178
1218
1114
1132
1151
1108
1162
1041
1058
1075
1120
1049
1018
993
977
982
930
1001
976
974
932
918
913
893
881
857
827
851
809
803
792
746
769
737
718
730
703
717
701
698
673
651
668
669
606
690
632
624
540
596
579
570
606
576
552
578
522
528
492
491
500
447
447
472
476
422
423
438
460
390
387
402
415
358
385
371
376
377
364
343
329
349
366
334
296
311
298
325
295
321
279
273
283
258
246
257
269
246
232
245
197
225
242
222
225
238
202
195
208
191
193
176
174
162
172
210
174
172
164
172
166
159
147
156
152
147
138
150
133
142
131
125
134
121
105
108
129
114
117
120
117
102
108
97
79
116
107
91
104
83
116
97
85
92
77
88
71
86
79
83
81
72
80
57
67
63
76
72
63
83
60
71
65
64
78
65
47
44
56
57
58
53
51
56
37
57
50
41
40
45
43
46
35
42
41
28
46
44
35
40
40
44
44
40
26
29
23
31
34
30
32
31
24
37
28
21
22
32
33
21
22
22
31
25
16
25
15
27
22
17
27
19
19
14
19
22
19
21
17
19
11
18
19
13
15
17
16
17
14
9
12
12
9
9
9
13
12
7
14
9
6
5
7
8
4
4
9
7
5
8
10
9
8
6
10
6
10
6
5
5
5
7
5
9
6
6
5
9
3
6
7
7
7
6
6
2
7
4
1
4
2
3
6
4
5
1
2
5
3
1
4
3
6
5
4
2
1
4
5
4
2
5
3
3
4
2
2
3
5
0
3
2
4
3
1
4
2
2
3
0
2
0
1
2
1
2
1
0
2
4
0
1
3
2
4
3
1
3
5
1
2
1
1
3
1
2
1
2
1
0
0
3
0
2
0
0
1
0
1
0
1
1
2
2
1
1
1
1
1
0
1
1
1
1
2
3
1
0
4
0
1
1
1
0
0
0
1
1
1
0
0
2
0
1
1
1
0
1
0
0
1
0
0
0
1
0
0
0
0
0
0
0
0
1
0
0
0
0
1
0
0
0
0
0
0
1
0
0
1
1
0
2
0
0
0
1
0
2
0
1
0
0
0
0
0
0
1
0
0
0
1
0
0
1
0
0
1
0
0
0
0
0
0
0
0
0
0
0
0
1
0
1
0
0
0
0
0
0
0
0
0
1
0
1
0
0
0
0
0
0
1
0
0
0
0
0
0
0
0
0
0
0
0
0
0
0
0
0
0
0
0
0
0
0
0
0
0
0
0
0
0
0
0
0
0
0
0
0
0
0
0
0
0
0
0
0
0
0
0
0
0
0
0
0
0
0
0
0
0
0
0
0
0
0
0
0
0
0
0
0
0
0
0
0
0
0
0
0
0
0
0
0
0
0
0
0
0
0
0
0
0
0
0
0
0
0
0
0
0
0
0
0
0
0
0
0
0
0
0
0
0
0
0
0
0
0
0
0
0
0
0
0
0
0
0
0
0
0
0
0
0
0
0
0
0
0
0
0
0
0
0
0
0
0
0
0
0
0
0
0
0
0
0
0
0
0
0
0
0
0
0
0
0
0
0
0
0
0
0
0
0
0
0
0
0
0
0
0
0
0
0
0
0
0
0
0
0
0
0
0
0
0
0
0
0
0
0
0
0
0
0
0
0
0
0
0
0
0
0
0
0
0
0
0
0
0
0
0
0
0
0
0
0
0
0
0
0
0
0
0
0
0
0
0
0
0
0
0
0
0
0
0
0
0
0
0
0
0
0
0
0
0
0
0
0
0
0
0
0
0
0
0
0
0
0
0
0
0
0
0
0
0
0
0
0
0
0
0
0
0
0
0
0
0
0
0
0
0
0
0
0
0
0
0
0
0
0
0
0
0
0
0
0
0
0
0
0
0
0
