0
0
0
0
0
0
0
0
0
0
0
0
0
0
0
0
0
0
0
0
0
0
0
0
0
0
0
0
0
0
0
0
0
0
0
0
0
0
0
0
0
0
0
0
0
0
0
0
0
0
1
0
3
2
1
0
1
0
1
0
1
0
3
0
2
0
0
3
1
1
0
0
4
0
1
1
1
1
0
0
1
3
0
0
1
1
1
1
1
5
1
1
3
3
4
1
1
4
2
3
2
4
4
6
4
5
9
12
4
8
4
8
8
14
24
22
25
19
19
28
26
40
35
40
40
54
37
56
53
61
61
52
66
76
76
69
78
105
91
91
133
108
116
101
127
134
162
146
123
163
156
133
169
145
176
150
161
172
175
172
191
165
156
200
185
182
199
184
177
171
164
174
177
169
186
176
177
191
189
176
171
199
137
169
171
161
161
181
158
161
161
178
169
142
171
161
144
164
138
159
156
153
138
140
130
150
160
129
135
121
130
127
110
110
117
123
121
110
105
111
101
121
94
102
99
105
104
104
75
91
94
80
78
84
77
87
85
86
89
63
63
79
78
59
65
71
68
64
74
62
56
62
48
50
58
61
58
32
50
44
43
48
40
53
36
44
37
39
48
32
37
36
33
31
35
42
21
35
36
37
29
21
18
30
24
26
27
19
18
16
19
25
17
20
24
21
15
17
12
10
16
18
15
19
16
13
7
15
14
16
12
11
13
13
8
14
8
22
11
10
11
7
8
13
5
9
11
5
11
7
3
5
10
7
4
6
2
4
6
5
6
6
11
4
6
7
2
4
2
5
4
5
5
6
4
3
2
1
4
4
1
5
5
1
2
2
6
4
1
3
5
3
3
1
3
4
5
1
0
2
3
1
2
1
0
5
2
1
1
1
0
0
1
4
2
2
0
1
0
1
0
1
2
4
1
0
0
0
2
1
1
1
2
0
0
0
1
2
1
1
0
0
0
2
1
0
0
0
0
0
1
0
0
0
1
0
0
0
0
0
2
0
2
0
0
0
1
0
0
0
0
0
0
0
0
0
0
0
1
0
0
1
0
0
1
0
0
0
0
0
0
0
0
0
0
0
0
0
1
0
0
0
0
0
0
0
0
0
0
0
0
0
0
0
0
0
0
0
0
0
0
0
0
0
0
0
0
1
0
0
0
1
0
0
0
0
0
0
0
0
0
0
0
0
0
0
0
0
0
0
0
1
0
0
0
0
0
0
0
0
0
0
0
0
0
0
0
0
0
0
0
0
0
0
0
0
0
0
0
0
0
0
0
0
0
0
1
0
0
0
0
0
0
0
0
0
0
0
0
0
0
0
0
0
0
0
0
0
0
0
0
0
0
0
0
0
0
0
0
0
0
0
0
1
0
0
0
0
0
0
0
0
0
0
0
0
0
0
0
0
0
0
0
0
0
0
0
0
0
0
0
0
0
0
0
0
0
0
0
0
0
0
0
0
0
0
0
0
0
0
0
0
0
0
0
0
0
0
0
0
1
0
0
0
0
0
0
0
0
0
0
0
0
0
0
0
0
0
0
0
0
0
0
0
0
0
0
0
0
0
0
0
0
0
0
0
0
0
0
0
0
0
0
0
0
0
0
0
0
0
0
0
0
0
0
0
0
0
0
0
0
0
0
0
0
0
0
0
0
0
0
0
0
0
0
0
0
0
0
0
0
0
0
0
0
0
0
0
0
0
0
0
0
0
0
0
0
0
0
0
0
0
0
0
0
0
0
0
0
0
0
0
0
0
0
0
0
0
0
0
0
0
0
0
0
0
0
0
0
0
0
0
0
0
0
0
0
0
0
0
0
0
0
0
0
0
0
0
0
0
0
0
0
0
0
0
0
0
0
0
0
0
0
0
0
0
0
0
0
0
0
0
0
0
0
0
0
0
0
0
0
0
0
0
0
0
0
0
0
0
0
0
0
0
0
0
0
0
0
0
0
0
0
0
0
0
0
0
0
0
0
0
0
0
0
0
0
0
0
0
0
0
0
0
0
0
0
0
0
0
0
0
0
0
0
0
0
0
0
0
0
0
0
0
0
0
0
0
0
0
0
0
0
0
0
0
0
0
0
0
0
0
0
0
0
0
0
0
0
0
0
0
0
0
0
0
0
0
0
0
0
0
0
0
0
0
0
0
0
0
0
0
0
0
0
0
0
0
0
0
0
0
0
0
0
0
0
0
0
0
0
0
0
0
0
0
0
0
0
0
0
0
0
0
0
0
0
0
0
0
0
0
0
0
0
0
0
0
0
0
