0
0
0
0
0
0
0
0
0
0
0
0
0
0
0
0
0
0
0
0
0
0
0
0
0
0
0
0
0
0
0
0
0
0
0
3714
3743
3989
4208
4543
4847
5281
5797
6202
7109
8017
8775
9856
10466
11192
11783
12181
12672
12981
13437
13727
13800
13873
13993
14307
14033
13905
13829
13860
13800
13567
13290
13350
12972
13121
12604
12519
12174
12199
11772
11582
11507
11019
10914
10406
10485
10148
9995
9824
9583
9393
9041
9003
8652
8635
8406
8120
7737
7561
7541
7411
7162
6951
6807
6694
6536
6356
6254
6088
5793
5687
5539
5641
5411
5297
5078
5039
4763
4746
4585
4488
4361
4211
4120
3974
3864
3957
3785
3554
3598
3596
3410
3294
3274
3310
3133
2955
3027
2949
2887
2710
2692
2615
2498
2540
2462
2404
2265
2226
2276
2167
2108
2156
1972
1986
2026
1892
1871
1814
1740
1681
1740
1658
1629
1579
1580
1501
1450
1457
1446
1411
1411
1330
1304
1271
1251
1216
1150
1110
1197
1057
1051
1102
1036
1033
1048
1052
929
939
906
859
876
927
810
847
791
838
851
755
768
734
731
754
697
654
640
644
688
642
597
592
613
547
579
542
581
512
509
528
508
488
467
501
438
449
429
448
405
396
408
413
401
415
406
384
386
354
365
364
364
354
351
318
350
301
299
306
291
301
295
279
276
282
287
263
254
225
242
238
211
229
234
213
241
205
246
203
205
208
181
189
196
189
189
191
170
144
183
144
161
159
139
163
157
164
138
127
110
123
134
139
133
133
128
99
127
107
116
121
122
118
99
95
111
82
96
107
83
106
89
96
70
97
89
77
83
82
91
73
67
84
64
90
69
67
56
75
78
79
49
68
65
51
54
60
56
61
58
47
55
58
43
34
47
34
55
41
50
40
41
36
37
39
41
35
38
54
31
35
43
42
32
31
20
30
32
33
39
30
28
42
32
31
24
37
21
31
17
21
30
26
26
27
16
16
24
23
21
14
17
13
20
20
13
17
19
21
20
19
15
14
17
15
16
19
9
17
13
19
10
17
15
11
16
11
15
16
11
11
10
7
13
9
7
14
11
9
11
9
7
5
9
5
6
8
15
11
8
10
5
4
15
8
8
4
9
9
8
6
6
6
8
4
5
9
9
9
2
5
4
3
10
9
2
4
3
2
3
5
4
2
3
10
5
1
1
5
1
2
1
2
4
2
2
1
3
1
4
1
2
1
3
0
3
3
1
1
3
2
1
2
0
1
1
1
0
2
2
0
0
4
2
2
3
1
0
3
4
0
1
2
0
1
1
1
0
0
0
4
2
2
1
2
1
0
1
3
0
1
1
1
0
1
2
0
0
0
1
1
0
0
1
0
1
0
1
0
0
0
2
0
0
0
1
0
1
3
0
2
1
0
2
0
0
0
0
2
0
0
0
1
0
0
0
0
0
1
0
0
0
1
0
2
1
0
0
0
0
1
1
0
0
1
0
0
0
0
1
1
0
0
0
0
0
0
0
0
0
1
0
0
0
0
0
0
0
0
0
0
1
0
0
0
0
0
0
0
0
0
0
0
1
1
1
0
0
0
0
0
1
0
0
1
0
0
0
0
1
0
1
0
0
1
0
0
2
0
0
0
0
0
0
0
0
1
1
0
0
0
0
0
0
1
0
0
0
0
0
0
1
0
0
0
0
0
0
0
0
0
1
0
0
0
0
0
0
0
0
0
1
0
0
0
0
0
0
0
0
0
0
0
0
1
1
0
0
0
0
0
1
1
0
0
0
0
0
0
0
0
0
0
0
0
0
0
0
0
1
0
0
0
1
0
0
0
0
0
0
0
0
0
0
0
0
0
0
0
0
1
0
0
0
0
0
0
0
0
0
0
0
0
0
0
0
0
0
0
0
0
0
0
0
0
0
0
0
0
0
0
0
0
0
0
0
0
0
0
0
0
0
0
0
0
0
0
0
0
0
0
0
0
0
0
0
0
0
0
0
0
0
0
1
0
0
0
0
0
1
0
0
0
0
0
0
0
0
0
0
0
0
0
0
0
0
0
0
0
0
0
0
0
0
0
0
0
0
0
0
0
0
0
0
0
0
0
0
0
0
0
0
0
0
0
0
0
0
0
0
0
0
0
0
0
0
0
0
0
0
0
0
0
0
0
0
0
0
0
0
0
0
0
0
0
0
0
0
0
0
0
0
0
0
0
0
0
0
0
0
0
0
0
0
0
0
0
0
0
0
0
0
0
0
0
0
0
0
0
0
0
0
0
0
0
0
0
0
0
0
0
0
0
0
0
0
0
0
0
0
0
0
0
0
0
0
0
0
0
0
0
0
0
0
0
0
0
0
0
0
0
0
0
0
0
0
0
0
0
0
0
0
0
0
0
0
0
