0
0
0
0
0
0
0
0
0
0
0
0
0
0
0
0
0
0
0
1
12104
13850
16706
19711
22895
24846
26754
27777
28296
28649
28646
28348
28054
27370
26365
25633
24932
23941
23000
22093
21295
20267
19518
18801
17770
16993
16370
15590
14543
14123
13506
13005
12320
11794
11167
10652
10295
9872
9279
8893
8395
8111
7671
7154
6961
6851
6414
6146
5918
5648
5536
5124
4967
4707
4607
4370
4151
4022
3878
3601
3403
3454
3354
3120
3026
2889
2796
2611
2541
2479
2406
2219
2092
2139
2084
1977
1908
1822
1699
1619
1543
1540
1517
1462
1400
1315
1245
1272
1238
1165
1142
1154
1075
938
1031
991
995
880
884
796
784
763
780
702
720
635
673
638
652
601
604
547
522
520
521
482
473
478
434
399
427
428
388
381
404
364
324
300
332
328
301
318
303
284
296
273
250
241
270
244
235
253
211
232
223
226
208
204
209
179
184
169
147
175
148
158
180
139
149
138
133
132
124
111
130
121
110
117
102
97
106
91
115
97
83
100
77
79
75
81
93
88
73
75
67
68
87
74
61
67
65
60
55
60
59
45
49
51
50
43
59
39
36
40
34
45
35
41
41
28
41
39
35
25
37
40
22
41
20
30
31
30
31
27
21
28
23
26
13
21
13
20
15
19
17
15
20
17
16
17
15
14
14
14
12
11
19
13
10
11
10
9
10
4
8
6
7
6
5
5
10
8
5
7
4
7
2
4
8
2
4
2
5
4
7
5
7
2
4
3
6
3
3
1
5
3
2
4
2
5
2
3
0
2
2
1
3
1
2
2
0
1
2
2
1
5
1
2
1
1
2
2
2
2
1
1
0
0
0
0
1
0
1
0
1
0
1
2
3
1
0
0
1
1
0
0
0
1
1
1
0
1
0
0
0
1
2
0
1
0
1
0
1
0
0
0
1
0
0
0
1
1
0
0
0
0
1
0
1
0
0
1
1
0
0
0
1
0
0
0
0
0
0
0
0
0
0
1
0
1
0
0
0
0
0
0
0
0
0
0
0
0
0
0
1
1
0
1
1
1
1
0
1
0
0
1
0
0
0
0
0
0
1
0
0
0
1
0
0
0
0
0
0
0
0
0
0
0
0
0
1
0
0
0
0
0
0
0
0
0
0
0
0
0
0
0
1
0
0
1
0
0
0
0
0
0
0
0
0
0
0
1
0
0
0
0
0
0
0
0
0
0
0
0
0
0
0
0
0
0
0
0
0
0
0
0
0
1
0
0
0
0
0
0
0
0
0
0
0
0
0
0
0
0
0
0
0
0
0
0
0
0
0
0
0
0
0
0
0
0
0
0
0
0
0
0
0
0
0
0
0
0
0
0
0
0
0
0
0
0
0
0
0
0
0
0
0
0
0
0
0
0
0
0
0
0
0
0
0
0
0
0
0
0
0
0
0
0
0
0
0
0
0
0
0
0
0
0
0
0
0
0
0
0
0
0
0
0
0
0
0
0
0
0
0
0
0
0
0
0
0
0
0
0
0
0
0
0
0
0
0
0
0
0
0
0
0
0
0
0
0
0
0
0
0
0
0
0
0
0
0
0
0
0
0
0
0
0
0
0
0
0
0
0
0
0
0
0
0
0
0
0
0
0
0
0
0
0
0
0
0
0
0
0
0
0
0
0
0
0
0
0
0
0
0
0
0
0
0
0
0
0
0
0
0
0
0
0
0
0
0
0
0
0
0
0
0
0
0
0
0
0
0
0
0
0
0
0
0
0
0
0
0
0
0
0
0
0
0
0
0
0
0
0
0
0
0
0
0
0
0
0
0
0
0
0
0
0
0
0
0
0
0
0
0
0
0
0
0
0
0
0
0
0
0
0
0
0
0
0
0
0
0
0
0
0
0
0
0
0
0
0
0
0
0
0
0
0
0
0
0
0
0
0
0
0
0
0
0
0
0
0
0
0
0
0
0
0
0
0
0
0
0
0
0
0
0
0
0
0
0
0
0
0
0
0
0
0
0
0
0
0
0
0
0
0
0
0
0
0
0
0
0
0
0
0
0
0
0
0
0
0
0
0
0
0
0
0
0
0
0
0
0
0
0
0
0
0
0
0
0
0
0
0
0
0
0
0
0
0
0
0
0
0
0
0
0
0
0
0
0
0
0
0
0
0
0
0
0
0
0
0
0
0
0
0
0
0
0
0
0
0
0
0
0
0
0
0
0
0
0
0
0
0
0
0
0
0
0
0
0
0
0
0
0
0
0
0
0
0
0
0
0
0
0
0
0
0
0
0
0
0
0
0
0
0
0
0
0
0
0
0
0
0
0
0
0
0
0
0
0
0
0
0
0
0
0
0
0
0
