0
0
0
0
0
0
0
0
0
0
0
0
0
0
0
0
0
0
0
0
244
287
384
417
519
595
745
846
1045
1288
1549
2018
2413
2952
3463
4050
4566
5005
5495
5799
6007
6136
6224
6310
6333
6432
6356
6277
6176
6191
6033
5962
5698
5799
5455
5375
5258
5172
4960
4852
4558
4534
4356
4143
4018
4005
3815
3762
3650
3440
3472
3235
3105
3044
2929
2829
2709
2707
2619
2468
2303
2317
2311
2138
2128
2067
1966
1892
1819
1794
1720
1615
1478
1587
1582
1489
1408
1340
1278
1185
1122
1148
1154
1089
1071
993
971
937
946
888
891
884
848
752
835
769
795
704
693
638
635
612
615
570
584
525
544
522
537
483
497
454
426
428
416
393
390
404
356
337
353
360
319
324
342
313
263
264
285
287
245
261
265
236
254
235
220
204
226
216
198
210
182
198
190
194
185
174
185
156
153
146
123
152
130
141
158
122
132
126
117
111
109
96
115
108
97
102
88
89
96
84
99
82
71
90
70
70
66
70
85
84
65
64
59
63
80
70
55
59
59
54
49
51
52
42
42
42
45
40
50
34
34
36
30
41
31
37
34
25
36
36
31
25
36
36
20
37
17
28
29
27
29
24
20
26
22
23
12
17
12
19
13
18
15
15
18
17
12
16
15
11
11
14
11
10
16
13
9
10
8
7
9
4
8
6
7
6
5
4
10
8
4
6
4
7
2
4
8
2
4
2
5
4
7
5
7
2
4
3
6
2
3
0
3
3
2
4
2
5
2
3
0
2
2
1
3
1
2
2
0
1
1
1
1
5
1
2
1
1
1
2
2
2
1
1
0
0
0
0
1
0
1
0
1
0
0
2
2
1
0
0
1
1
0
0
0
1
1
1
0
1
0
0
0
1
2
0
1
0
1
0
1
0
0
0
1
0
0
0
1
1
0
0
0
0
1
0
1
0
0
1
1
0
0
0
1
0
0
0
0
0
0
0
0
0
0
1
0
1
0
0
0
0
0
0
0
0
0
0
0
0
0
0
1
1
0
1
1
1
1
0
1
0
0
1
0
0
0
0
0
0
1
0
0
0
1
0
0
0
0
0
0
0
0
0
0
0
0
0
1
0
0
0
0
0
0
0
0
0
0
0
0
0
0
0
0
0
0
1
0
0
0
0
0
0
0
0
0
0
0
1
0
0
0
0
0
0
0
0
0
0
0
0
0
0
0
0
0
0
0
0
0
0
0
0
0
1
0
0
0
0
0
0
0
0
0
0
0
0
0
0
0
0
0
0
0
0
0
0
0
0
0
0
0
0
0
0
0
0
0
0
0
0
0
0
0
0
0
0
0
0
0
0
0
0
0
0
0
0
0
0
0
0
0
0
0
0
0
0
0
0
0
0
0
0
0
0
0
0
0
0
0
0
0
0
0
0
0
0
0
0
0
0
0
0
0
0
0
0
0
0
0
0
0
0
0
0
0
0
0
0
0
0
0
0
0
0
0
0
0
0
0
0
0
0
0
0
0
0
0
0
0
0
0
0
0
0
0
0
0
0
0
0
0
0
0
0
0
0
0
0
0
0
0
0
0
0
0
0
0
0
0
0
0
0
0
0
0
0
0
0
0
0
0
0
0
0
0
0
0
0
0
0
0
0
0
0
0
0
0
0
0
0
0
0
0
0
0
0
0
0
0
0
0
0
0
0
0
0
0
0
0
0
0
0
0
0
0
0
0
0
0
0
0
0
0
0
0
0
0
0
0
0
0
0
0
0
0
0
0
0
0
0
0
0
0
0
0
0
0
0
0
0
0
0
0
0
0
0
0
0
0
0
0
0
0
0
0
0
0
0
0
0
0
0
0
0
0
0
0
0
0
0
0
0
0
0
0
0
0
0
0
0
0
0
0
0
0
0
0
0
0
0
0
0
0
0
0
0
0
0
0
0
0
0
0
0
0
0
0
0
0
0
0
0
0
0
0
0
0
0
0
0
0
0
0
0
0
0
0
0
0
0
0
0
0
0
0
0
0
0
0
0
0
0
0
0
0
0
0
0
0
0
0
0
0
0
0
0
0
0
0
0
0
0
0
0
0
0
0
0
0
0
0
0
0
0
0
0
0
0
0
0
0
0
0
0
0
0
0
0
0
0
0
0
0
0
0
0
0
0
0
0
0
0
0
0
0
0
0
0
0
0
0
0
0
0
0
0
0
0
0
0
0
0
0
0
0
0
0
0
0
0
0
0
0
0
0
0
0
0
0
0
0
0
0
0
0
0
0
0
0
0
0
0
0
0
0
0
0
0
0
0
0
0
0
0
0
0
0
0
0
0
0
0
0
0
0
0
