0
0
0
0
0
0
0
0
0
0
0
0
0
0
0
0
0
0
0
0
0
0
0
0
0
0
0
0
0
0
0
0
0
0
0
0
0
0
0
0
0
0
0
0
0
0
0
0
0
0
2003
1948
1971
2004
2070
2205
2218
2230
2442
2537
2758
2806
3159
3231
3668
3786
4200
4522
4961
5292
5769
6035
6288
6629
7078
7323
7510
7744
8046
8176
8489
8500
8584
8692
8654
8936
8890
8934
9009
8789
9146
8972
8761
9078
8888
8846
8833
8820
8709
8568
8512
8505
8541
8413
8094
7990
8105
7988
7959
7830
7518
7528
7292
7456
7232
7029
7197
6995
6767
6745
6614
6576
6448
6477
6277
6136
6151
5920
5900
5789
5779
5579
5492
5533
5373
5216
5179
5050
4909
4995
4812
4710
4537
4659
4637
4549
4420
4350
4207
4075
3984
4028
3918
3907
3817
3710
3637
3579
3538
3563
3436
3343
3270
3272
3243
3072
3100
2974
3075
3067
2858
2814
2843
2748
2678
2632
2599
2574
2457
2548
2498
2363
2371
2251
2279
2192
2145
2217
2074
2043
2080
2097
2009
1942
1888
1893
1829
1776
1864
1782
1784
1736
1638
1671
1630
1609
1595
1534
1526
1465
1462
1452
1382
1360
1327
1347
1264
1266
1295
1300
1229
1170
1226
1167
1174
1120
1158
1107
1086
1006
1062
1054
1013
1060
1033
1004
1022
953
956
899
900
890
824
866
841
892
794
801
795
810
773
740
725
759
690
732
680
690
728
695
663
648
648
668
650
619
603
621
601
559
587
563
556
568
527
495
515
556
495
499
487
441
495
488
460
477
469
464
443
421
407
422
418
370
388
379
432
374
381
368
368
374
338
330
319
340
354
327
335
311
308
303
277
310
291
279
278
293
279
309
269
263
243
279
234
225
262
248
243
251
216
256
221
220
226
222
216
202
227
197
216
212
195
202
168
172
195
212
192
203
196
167
176
167
169
194
172
163
149
145
151
151
146
163
150
145
152
159
133
118
124
125
137
123
124
111
103
124
133
114
124
101
119
124
99
95
97
97
111
104
105
104
103
80
118
84
81
88
90
79
84
90
80
73
87
75
86
72
84
66
75
87
72
76
67
65
65
67
67
63
78
49
66
67
59
60
57
63
51
51
53
60
59
43
42
50
56
58
39
47
52
35
33
39
43
35
29
42
33
37
30
42
35
45
32
31
30
35
34
24
32
25
28
37
36
33
28
24
31
22
18
24
29
25
33
21
26
32
24
24
28
22
22
26
29
22
8
24
17
21
14
23
19
18
19
18
22
13
23
22
19
29
25
17
15
16
16
19
18
22
10
20
22
22
17
12
17
8
10
14
10
15
11
14
10
14
14
12
17
18
12
8
24
13
22
13
14
8
11
12
9
6
12
11
11
11
14
12
18
7
8
8
14
8
12
9
12
9
4
10
7
5
9
6
5
8
4
4
9
6
7
10
3
7
5
8
8
11
4
6
10
5
5
8
3
4
8
4
5
7
5
10
3
5
5
2
6
4
3
1
2
1
3
7
4
2
5
1
6
4
3
4
2
2
6
3
1
2
3
3
2
6
1
2
3
7
3
3
2
1
2
2
3
1
3
3
3
0
4
1
2
1
0
0
4
0
2
3
3
2
1
4
0
2
4
2
2
3
1
3
3
2
1
3
4
1
3
2
0
1
1
1
4
0
1
4
1
1
2
3
1
1
1
1
2
2
1
1
2
0
0
2
1
3
1
1
0
0
2
1
0
1
0
1
1
0
1
0
0
1
0
0
0
2
0
0
0
1
1
2
2
0
0
0
1
0
0
2
1
1
0
0
0
0
1
0
1
0
0
1
0
0
0
0
0
0
0
1
0
0
0
1
0
0
0
1
0
0
0
0
0
1
0
0
0
0
0
1
0
1
0
1
2
0
0
0
0
0
0
0
0
0
0
2
0
0
0
0
0
0
0
1
1
0
0
0
0
0
0
0
1
0
0
0
0
0
0
0
1
0
0
1
0
0
0
0
0
0
0
0
0
0
0
0
0
0
0
0
0
0
0
0
0
0
0
0
1
1
0
0
0
0
0
1
0
0
0
0
0
0
0
0
0
0
0
0
0
0
0
1
0
0
0
0
0
0
0
0
0
0
0
0
0
0
0
0
1
0
1
0
0
0
0
0
0
0
0
0
0
0
0
0
0
0
0
0
0
0
0
0
0
0
0
0
0
0
0
0
0
0
0
0
0
0
0
0
0
0
0
0
0
0
0
0
0
1
1
0
0
0
0
0
0
0
0
0
0
0
0
0
0
0
1
0
0
0
0
0
0
0
0
0
0
0
0
0
0
0
0
0
0
0
0
1
0
0
0
0
0
0
0
0
0
0
0
0
0
0
0
0
0
0
0
0
0
0
0
0
0
0
0
0
0
0
0
0
0
0
0
0
