0
0
0
0
0
0
0
0
0
0
0
0
0
0
0
0
0
0
0
0
0
0
0
0
0
0
0
0
0
0
0
0
0
0
0
32
30
40
35
24
16
34
23
25
36
42
31
40
45
55
50
71
89
95
133
162
189
252
308
364
405
498
556
657
771
822
961
1143
1214
1448
1606
1661
1780
1934
2125
2173
2249
2362
2519
2468
2529
2617
2688
2666
2712
2705
2795
2834
2736
2853
2835
2813
2756
2731
2750
2787
2789
2653
2610
2720
2676
2639
2617
2563
2472
2426
2430
2511
2421
2412
2373
2302
2211
2270
2194
2217
2045
1967
2045
1936
1973
1995
1905
1751
1854
1858
1783
1769
1678
1785
1650
1583
1592
1594
1589
1461
1453
1410
1356
1403
1396
1327
1248
1217
1242
1173
1186
1174
1080
1112
1122
1064
1076
995
974
953
920
891
890
871
868
817
747
804
756
715
738
705
698
683
650
622
591
571
603
544
550
567
528
527
545
547
437
474
417
433
412
447
377
407
367
384
389
340
375
350
318
333
312
307
297
292
275
287
269
265
290
242
240
238
243
220
195
215
206
199
190
193
179
194
183
179
157
173
153
174
142
161
134
149
146
130
126
124
132
122
120
127
112
94
109
104
112
93
92
99
108
92
113
88
75
80
76
65
78
77
82
50
65
64
67
57
63
71
49
67
56
47
59
51
47
48
46
38
46
44
30
53
42
53
39
26
22
43
33
35
34
27
32
20
24
32
23
25
21
25
19
24
17
10
22
16
19
23
19
18
7
18
24
17
13
12
25
11
17
15
11
21
17
8
13
12
12
13
8
12
10
10
16
9
6
7
9
5
7
7
4
4
6
7
7
7
11
6
6
6
9
7
4
9
5
8
4
4
7
9
2
4
6
3
4
6
6
3
4
5
5
5
1
5
5
3
2
3
3
6
5
1
0
1
3
3
3
1
0
3
3
1
1
1
0
2
1
2
1
2
2
2
0
4
1
1
1
4
0
2
0
2
3
0
0
1
2
1
0
0
2
1
1
1
1
1
0
3
1
0
0
0
0
0
0
0
1
0
0
0
0
0
0
0
2
0
2
0
1
2
3
3
0
0
1
0
1
0
1
0
0
1
0
0
0
0
0
0
1
0
0
0
0
0
0
0
0
0
0
0
0
0
1
0
0
0
0
0
1
0
1
0
0
0
0
0
0
0
0
0
0
0
0
0
0
0
0
0
0
0
0
0
0
0
0
0
0
0
0
0
0
0
0
0
0
0
0
0
1
0
0
0
0
0
0
0
0
0
0
0
0
0
0
0
0
0
0
0
0
0
0
0
0
0
0
0
0
0
1
0
0
0
0
0
0
1
0
0
0
0
1
0
0
0
0
0
0
0
0
0
0
0
0
0
0
0
0
0
0
0
0
1
0
0
0
0
0
0
0
0
0
0
0
0
0
0
0
1
0
0
0
0
0
0
0
0
0
0
0
0
0
0
0
0
0
0
0
0
0
0
0
0
0
0
0
0
0
0
0
0
0
0
0
0
0
0
0
0
0
0
0
0
0
0
0
0
0
0
0
0
0
0
0
0
0
0
0
0
0
0
0
0
0
0
0
0
0
0
0
0
0
0
0
0
0
0
0
0
0
0
0
0
0
0
0
0
0
0
0
0
0
0
0
0
0
0
0
0
0
0
0
0
0
0
0
0
0
0
0
0
0
0
0
0
0
0
0
0
0
0
0
0
0
0
0
0
0
0
0
0
0
0
0
0
0
0
0
0
0
0
0
0
0
0
0
0
0
0
0
0
0
0
0
0
0
0
0
0
0
0
0
0
0
0
0
0
0
0
0
0
0
0
0
0
0
0
0
0
0
0
0
0
0
0
0
0
0
0
0
0
0
0
0
0
0
0
0
0
0
0
0
0
0
0
0
0
0
0
0
0
0
0
0
0
0
0
0
0
0
0
0
0
0
0
0
0
0
0
0
0
0
0
0
0
0
0
0
0
0
0
0
0
0
0
0
0
0
0
0
0
0
0
0
0
0
0
0
0
0
0
0
0
0
0
0
0
0
0
0
0
0
0
0
0
0
0
0
0
0
0
0
0
0
0
0
0
0
0
0
0
0
0
0
0
0
0
0
0
0
0
0
0
0
0
0
0
0
0
0
0
0
0
0
0
0
0
0
0
0
0
0
0
0
0
0
0
0
0
0
0
0
0
0
0
0
0
0
0
0
0
0
0
0
0
0
0
0
0
0
0
0
0
0
0
0
0
0
0
0
0
0
0
0
0
0
0
0
0
0
0
0
0
0
0
0
0
0
0
0
0
0
0
0
0
0
0
0
0
0
0
0
0
0
0
