0
0
0
0
0
0
0
0
0
0
0
0
0
0
0
0
0
0
0
0
0
0
0
0
0
0
0
0
0
0
0
0
0
0
0
0
0
0
0
0
0
0
0
0
0
0
0
0
0
0
0
0
0
0
0
0
0
0
0
0
0
0
0
0
0
0
0
0
0
0
0
0
0
0
0
1
0
0
0
0
0
0
1
0
0
0
0
0
0
0
1
0
0
0
0
0
1
0
0
0
0
0
0
0
0
0
0
2
0
1
0
1
0
0
1
0
1
1
1
0
1
0
1
1
1
1
0
0
1
0
0
0
1
0
0
2
1
2
1
0
0
2
1
3
1
2
1
1
4
1
2
1
1
2
3
5
1
2
5
11
8
3
6
6
6
9
5
10
3
9
11
5
10
16
11
9
15
13
20
15
23
22
23
16
17
23
18
25
26
20
36
22
38
32
33
30
34
39
39
40
40
47
45
40
45
42
57
49
51
62
67
65
58
74
67
72
76
84
81
64
82
91
73
67
87
89
96
88
78
74
100
88
98
113
110
80
96
96
89
90
100
79
103
108
112
117
98
92
105
118
98
93
96
98
99
103
97
120
99
100
96
99
105
109
103
97
114
102
105
97
111
97
88
108
102
87
92
103
96
97
98
75
80
96
84
102
106
89
90
87
84
91
83
73
73
85
114
92
91
74
88
88
78
76
80
73
73
71
94
74
71
74
73
72
71
60
65
66
73
72
73
61
70
65
63
51
60
63
46
62
47
72
60
45
51
45
62
40
52
47
50
60
43
59
35
45
34
56
44
33
53
40
49
39
45
53
39
35
37
43
35
38
33
39
28
25
39
32
30
25
21
29
36
28
24
30
20
24
43
28
26
28
26
24
22
20
21
15
21
25
23
26
26
24
29
15
18
14
23
24
19
14
17
17
14
15
21
12
18
14
13
13
14
18
10
10
14
14
15
13
18
7
18
18
7
12
11
10
10
11
8
8
11
11
7
6
12
8
3
7
10
9
4
10
7
3
3
8
5
8
6
8
6
9
2
7
6
8
3
5
6
4
7
6
10
5
5
2
5
3
3
2
4
6
3
4
3
6
5
0
5
2
1
4
2
3
1
2
2
2
0
3
3
4
2
1
1
1
5
4
4
0
2
3
4
2
2
2
2
4
1
1
1
4
2
1
2
2
2
1
0
2
1
1
3
0
2
1
0
2
0
0
2
3
0
2
0
1
1
4
0
2
1
1
2
2
2
1
2
0
0
1
2
0
1
0
1
1
0
0
0
1
2
1
1
1
0
0
0
1
0
1
1
1
0
1
1
1
0
2
0
0
1
1
0
0
0
1
0
1
0
1
1
0
1
0
0
0
1
0
0
0
0
0
0
0
0
0
0
0
0
2
0
0
1
0
0
0
0
0
0
0
0
0
0
0
0
0
0
1
0
0
1
0
0
0
0
0
1
0
0
0
0
0
0
0
0
1
0
0
0
1
0
0
0
0
0
0
0
0
0
0
0
0
0
0
0
0
0
0
1
0
0
0
0
0
0
0
0
1
0
0
0
0
1
0
0
0
0
0
0
0
0
0
0
0
0
0
0
0
0
0
0
0
0
0
1
0
0
0
0
0
0
0
0
0
0
0
0
0
0
0
0
0
0
0
0
0
0
0
0
0
0
0
0
0
0
0
0
0
0
0
0
0
0
0
0
0
0
0
0
0
0
0
0
0
0
0
0
0
0
0
0
0
0
0
0
0
0
0
0
0
0
0
0
0
0
0
0
0
0
0
0
0
0
0
0
0
0
0
0
0
0
0
0
0
0
0
0
0
0
0
0
0
0
0
0
0
0
0
0
0
0
0
0
0
0
0
0
0
0
0
0
0
0
0
0
0
0
0
0
0
0
0
0
0
0
0
0
0
0
0
0
0
0
0
0
0
0
0
0
0
0
0
0
0
0
0
0
0
0
0
0
0
0
0
0
0
0
0
0
0
0
0
0
0
0
0
0
0
0
0
0
0
0
0
0
0
0
0
0
0
0
0
0
0
0
0
0
0
0
0
0
0
0
0
0
0
0
0
0
0
0
0
0
0
0
0
0
0
0
0
0
0
0
0
0
0
0
0
0
0
0
0
0
0
0
0
0
0
0
0
0
0
0
0
0
0
0
0
0
0
0
0
0
0
0
0
0
0
0
0
0
0
0
0
0
0
0
0
0
0
0
0
0
0
0
0
0
0
0
0
0
0
0
0
0
0
0
0
0
0
0
0
0
0
0
0
0
0
