0
0
0
0
0
0
0
0
0
0
0
0
0
0
0
0
0
0
0
0
0
0
0
0
0
0
0
0
0
0
0
0
0
0
0
77
78
94
99
103
84
125
149
120
155
179
201
202
221
237
250
290
304
298
364
426
477
494
539
642
675
727
831
922
1026
1124
1218
1409
1500
1718
1886
1901
2067
2219
2369
2436
2538
2625
2758
2718
2768
2862
2916
2921
2958
2967
3050
3073
2973
3081
3068
3056
3001
2969
3005
3006
2984
2861
2856
2958
2912
2880
2840
2791
2693
2623
2641
2740
2623
2635
2573
2531
2428
2476
2394
2428
2278
2194
2228
2138
2150
2209
2100
1952
2028
2037
1992
1942
1866
1976
1829
1741
1786
1792
1778
1644
1641
1578
1537
1581
1572
1502
1435
1393
1426
1380
1377
1372
1264
1299
1296
1247
1261
1188
1150
1133
1140
1081
1089
1076
1099
1019
978
1016
986
928
962
917
901
906
863
819
789
779
814
740
761
793
738
741
762
768
668
678
673
633
616
678
588
620
577
621
627
571
580
550
530
546
525
484
480
478
518
493
454
443
472
411
432
407
443
387
382
419
375
370
362
390
340
337
340
355
302
317
328
325
317
319
312
310
293
267
295
294
284
282
276
263
279
239
239
247
235
229
227
226
230
226
245
218
202
190
188
192
173
192
190
173
191
167
206
177
160
176
147
169
165
162
151
163
142
125
143
114
135
137
112
142
126
141
125
101
92
111
112
117
116
104
106
83
105
96
97
107
100
98
83
83
92
66
84
96
67
86
78
80
59
80
78
64
70
69
84
60
58
71
49
79
60
60
48
69
67
68
40
63
57
46
49
57
51
51
53
45
42
49
38
30
40
31
47
34
45
34
37
32
34
38
41
33
35
47
30
34
36
33
29
24
18
28
24
30
37
25
26
39
27
25
21
34
19
29
16
15
30
22
24
24
14
15
23
19
18
13
14
12
19
17
10
16
19
18
20
18
14
13
13
14
13
17
8
15
13
18
9
16
15
11
14
8
13
14
10
11
8
7
13
8
6
13
11
6
10
8
7
4
8
5
6
8
15
11
6
6
5
4
14
5
6
3
8
7
8
5
5
6
7
4
5
9
9
8
2
4
4
3
9
8
2
4
3
2
2
4
2
2
3
9
5
1
1
5
1
2
1
2
4
2
2
1
3
1
4
1
2
1
2
0
3
2
1
1
3
2
1
2
0
1
1
1
0
2
2
0
0
4
2
2
3
1
0
3
3
0
1
2
0
1
1
1
0
0
0
4
2
2
1
1
1
0
1
3
0
1
1
1
0
1
2
0
0
0
1
1
0
0
1
0
1
0
1
0
0
0
2
0
0
0
1
0
1
3
0
2
1
0
2
0
0
0
0
2
0
0
0
1
0
0
0
0
0
1
0
0
0
1
0
2
1
0
0
0
0
1
1
0
0
1
0
0
0
0
1
1
0
0
0
0
0
0
0
0
0
1
0
0
0
0
0
0
0
0
0
0
1
0
0
0
0
0
0
0
0
0
0
0
1
1
1
0
0
0
0
0
1
0
0
1
0
0
0
0
1
0
1
0
0
1
0
0
2
0
0
0
0
0
0
0
0
1
1
0
0
0
0
0
0
1
0
0
0
0
0
0
1
0
0
0
0
0
0
0
0
0
1
0
0
0
0
0
0
0
0
0
1
0
0
0
0
0
0
0
0
0
0
0
0
1
1
0
0
0
0
0
1
1
0
0
0
0
0
0
0
0
0
0
0
0
0
0
0
0
1
0
0
0
1
0
0
0
0
0
0
0
0
0
0
0
0
0
0
0
0
1
0
0
0
0
0
0
0
0
0
0
0
0
0
0
0
0
0
0
0
0
0
0
0
0
0
0
0
0
0
0
0
0
0
0
0
0
0
0
0
0
0
0
0
0
0
0
0
0
0
0
0
0
0
0
0
0
0
0
0
0
0
0
1
0
0
0
0
0
1
0
0
0
0
0
0
0
0
0
0
0
0
0
0
0
0
0
0
0
0
0
0
0
0
0
0
0
0
0
0
0
0
0
0
0
0
0
0
0
0
0
0
0
0
0
0
0
0
0
0
0
0
0
0
0
0
0
0
0
0
0
0
0
0
0
0
0
0
0
0
0
0
0
0
0
0
0
0
0
0
0
0
0
0
0
0
0
0
0
0
0
0
0
0
0
0
0
0
0
0
0
0
0
0
0
0
0
0
0
0
0
0
0
0
0
0
0
0
0
0
0
0
0
0
0
0
0
0
0
0
0
0
0
0
0
0
0
0
0
0
0
0
0
0
0
0
0
0
0
0
0
0
0
0
0
0
0
0
0
0
0
0
0
0
0
0
0
