0
0
0
0
0
0
0
0
0
0
0
0
0
0
0
0
0
0
0
0
0
0
0
0
0
0
0
0
0
0
0
0
0
0
0
0
0
0
0
0
0
0
0
0
0
0
0
0
0
0
30
29
27
38
37
41
45
43
53
57
74
85
64
74
75
83
103
92
112
96
124
132
134
132
123
137
137
167
155
161
193
194
195
238
245
286
264
305
337
378
396
402
437
495
521
547
561
638
655
706
817
803
963
979
1047
1104
1141
1225
1302
1340
1357
1494
1455
1597
1595
1539
1665
1722
1719
1731
1756
1798
1717
1891
1860
1875
1875
1830
1911
1893
1875
1853
1853
1888
1947
1889
1888
1902
1883
1959
1875
1837
1782
1860
1915
1868
1933
1822
1808
1743
1726
1758
1794
1774
1764
1736
1686
1681
1742
1736
1665
1588
1615
1567
1595
1487
1553
1510
1513
1551
1466
1420
1452
1441
1360
1439
1386
1413
1342
1411
1365
1277
1330
1204
1251
1254
1199
1265
1145
1159
1173
1209
1129
1101
1103
1082
1081
1042
1105
1081
1072
1016
1007
1005
985
979
938
922
940
910
895
903
836
860
842
814
824
790
816
811
782
768
749
773
775
697
782
723
733
647
705
684
664
721
687
666
696
640
644
615
585
618
567
573
584
611
538
539
558
561
525
512
509
529
474
507
453
485
518
482
477
447
466
477
466
424
433
429
447
402
434
408
397
414
378
345
389
396
355
368
355
306
348
375
345
347
363
332
316
311
298
296
312
284
283
291
330
287
287
273
273
275
273
250
239
257
272
256
257
231
240
225
215
243
218
212
208
230
207
227
215
213
196
212
185
169
213
187
193
197
167
191
168
172
185
165
175
158
178
153
169
170
150
160
130
138
147
173
162
160
166
132
143
141
140
163
133
132
118
112
117
125
114
137
124
113
132
125
98
91
99
100
114
106
100
94
79
101
108
96
103
77
88
99
83
79
81
77
93
88
90
82
86
72
100
66
67
71
69
71
72
66
64
61
74
63
72
61
68
57
57
75
63
67
62
56
53
52
58
55
70
41
56
57
53
50
49
55
43
45
46
46
48
39
40
38
48
46
33
34
45
32
30
34
41
26
26
36
25
34
29
32
32
38
27
24
25
31
27
22
31
22
22
33
32
26
27
21
29
19
16
22
26
22
28
20
21
29
17
21
22
16
20
25
28
21
6
22
15
20
12
17
17
16
14
16
20
13
22
19
16
28
22
16
13
15
15
18
17
21
9
18
18
20
13
10
16
7
10
13
7
13
9
14
10
13
12
10
11
15
11
8
18
13
21
10
13
7
11
10
8
5
11
10
9
11
13
10
13
7
5
8
12
8
10
8
11
9
4
9
6
5
6
5
5
8
4
4
8
5
6
8
2
7
5
8
7
10
4
6
8
5
5
7
1
4
7
3
5
7
4
9
3
3
4
2
6
4
3
1
1
1
2
6
4
2
3
1
4
3
3
4
2
2
6
3
1
2
3
3
1
6
1
2
3
6
2
3
2
1
2
2
3
1
3
3
3
0
4
1
2
1
0
0
4
0
2
3
1
2
1
4
0
0
4
2
2
3
1
2
3
2
1
3
4
1
3
2
0
1
1
1
4
0
1
3
1
1
2
3
1
1
1
1
1
2
1
1
2
0
0
2
1
3
1
1
0
0
2
1
0
1
0
1
1
0
1
0
0
1
0
0
0
2
0
0
0
0
1
2
2
0
0
0
1
0
0
1
1
1
0
0
0
0
1
0
1
0
0
1
0
0
0
0
0
0
0
1
0
0
0
1
0
0
0
1
0
0
0
0
0
1
0
0
0
0
0
1
0
1
0
1
2
0
0
0
0
0
0
0
0
0
0
2
0
0
0
0
0
0
0
1
1
0
0
0
0
0
0
0
1
0
0
0
0
0
0
0
1
0
0
1
0
0
0
0
0
0
0
0
0
0
0
0
0
0
0
0
0
0
0
0
0
0
0
0
1
1
0
0
0
0
0
1
0
0
0
0
0
0
0
0
0
0
0
0
0
0
0
1
0
0
0
0
0
0
0
0
0
0
0
0
0
0
0
0
1
0
1
0
0
0
0
0
0
0
0
0
0
0
0
0
0
0
0
0
0
0
0
0
0
0
0
0
0
0
0
0
0
0
0
0
0
0
0
0
0
0
0
0
0
0
0
0
0
1
1
0
0
0
0
0
0
0
0
0
0
0
0
0
0
0
1
0
0
0
0
0
0
0
0
0
0
0
0
0
0
0
0
0
0
0
0
1
0
0
0
0
0
0
0
0
0
0
0
0
0
0
0
0
0
0
0
0
0
0
0
0
0
0
0
0
0
0
0
0
0
0
0
0
