0
0
0
0
0
0
0
0
0
0
0
1
0
0
1
6
6
5
9
6
20
21
21
35
34
50
42
69
103
120
171
221
280
318
480
516
535
640
687
701
735
810
809
849
825
861
899
845
817
906
819
820
784
829
789
765
852
803
798
723
763
734
719
715
712
704
646
646
680
626
613
581
570
554
605
576
566
552
553
532
538
533
448
507
428
476
455
448
422
453
411
365
411
394
379
368
340
347
357
318
321
348
292
288
325
302
282
279
284
244
281
262
246
246
251
234
207
213
223
203
219
199
189
212
208
195
181
163
158
158
155
164
153
176
154
159
141
152
154
134
145
134
132
129
122
120
133
118
112
113
129
90
110
115
118
89
112
96
104
91
100
79
92
84
90
66
85
89
64
81
66
67
75
73
57
77
73
60
65
77
63
59
48
53
57
65
55
51
44
44
52
40
40
43
41
49
36
46
49
49
50
42
41
44
43
48
32
42
33
38
33
23
27
35
34
25
36
30
36
29
23
33
26
24
27
26
29
21
20
37
24
24
22
27
19
19
24
22
18
20
11
16
14
26
19
9
16
12
13
16
22
14
14
19
14
16
12
18
12
8
16
17
14
12
12
17
10
6
18
6
17
13
12
6
6
7
10
8
6
10
10
12
9
5
12
14
8
12
9
7
8
6
4
3
7
5
2
6
7
12
7
3
7
6
1
6
4
7
6
4
3
9
7
6
3
7
4
1
5
5
3
2
3
4
5
6
2
5
1
3
3
3
5
4
2
2
6
5
1
1
1
0
1
1
3
4
5
4
2
0
2
5
2
2
4
0
5
1
0
3
1
3
0
3
0
2
3
4
0
2
1
0
6
1
0
1
3
1
0
1
0
1
0
1
0
1
2
0
2
1
0
1
0
0
1
1
0
0
2
0
0
0
2
0
0
0
1
0
0
0
1
0
2
0
0
1
0
0
1
1
0
1
0
0
2
1
0
1
0
2
0
0
1
0
0
0
0
1
0
0
0
0
1
0
1
1
0
0
1
0
0
0
0
1
1
0
1
0
0
1
0
1
0
0
0
0
0
0
2
1
0
0
1
0
0
0
1
1
1
0
0
0
0
0
0
0
0
0
0
1
0
0
1
0
0
0
0
0
0
0
0
0
0
0
0
0
0
0
0
0
0
0
0
0
0
0
0
0
0
0
0
0
0
0
0
0
0
0
1
0
0
0
0
0
0
0
0
0
0
0
0
0
0
0
1
0
0
0
0
0
0
0
0
0
0
0
0
0
1
0
0
0
0
0
0
0
0
0
0
0
0
0
0
0
0
0
0
0
0
0
0
0
0
0
0
1
0
0
1
0
0
0
0
0
0
0
0
0
0
0
0
0
0
0
0
0
0
0
0
0
0
0
0
0
0
0
0
0
0
0
0
0
0
0
0
0
0
0
0
0
0
1
0
0
0
0
0
0
0
0
0
0
0
0
0
0
0
0
0
0
0
0
0
0
0
0
0
0
0
0
0
0
0
0
0
0
0
0
0
0
0
0
0
0
0
0
0
0
0
0
0
0
0
0
0
0
0
0
0
0
0
0
0
0
0
0
0
0
0
0
0
0
0
0
0
0
0
0
0
0
0
0
0
0
0
0
0
0
0
0
0
0
0
0
0
0
0
0
0
0
0
0
0
0
0
0
0
0
0
0
0
0
0
0
0
0
0
0
0
0
0
0
0
0
0
0
0
0
0
0
0
0
0
0
0
0
0
0
0
0
0
0
0
0
0
0
0
0
0
0
0
0
0
0
0
0
0
0
0
0
0
0
0
0
0
0
0
0
0
0
0
0
0
0
0
0
0
0
0
0
0
0
0
0
0
0
0
0
0
0
0
0
0
0
0
0
0
0
0
0
0
0
0
0
0
0
0
0
0
0
0
0
0
0
0
0
0
0
0
0
0
0
0
0
0
0
0
0
0
0
0
0
0
0
0
0
0
0
0
0
0
0
0
0
0
0
0
0
0
0
0
0
0
0
0
0
0
0
0
0
0
0
0
0
0
0
0
0
0
0
0
0
0
0
0
0
0
0
0
0
0
0
0
0
0
0
0
0
0
0
0
0
0
0
0
0
0
0
0
0
0
0
0
0
0
0
0
0
0
0
0
0
0
0
0
0
0
0
0
0
0
0
0
0
0
0
0
0
0
0
0
0
0
0
0
0
0
0
0
0
0
0
0
0
0
0
0
0
0
0
0
0
0
0
0
0
0
0
0
0
0
0
0
0
0
0
0
0
0
0
