0
15
173
642
1374
2136
3106
3889
4247
4425
4417
4256
4136
4024
3899
3934
3818
3717
3657
3585
4352
4511
4952
5205
5675
5920
6088
6300
6286
6405
6316
6221
6275
6132
6036
5981
5890
5748
5588
5523
5200
5324
5056
5047
4734
4713
4657
4448
4303
4341
4125
3997
3781
3835
3732
3476
3549
3468
3262
3060
3090
2958
2804
2802
2722
2671
2613
2449
2447
2309
2274
2228
2093
2080
2040
1991
1887
1882
1823
1795
1770
1691
1535
1653
1403
1481
1436
1433
1357
1321
1274
1214
1224
1229
1122
1114
1056
1037
1032
985
979
968
896
843
876
841
822
791
794
750
768
731
726
648
660
644
608
598
572
548
593
545
509
549
496
496
479
451
470
441
414
439
396
440
389
374
361
350
375
341
324
324
319
316
306
311
295
285
277
288
285
238
240
254
248
221
239
233
215
218
216
181
200
178
193
175
186
208
167
176
170
142
167
156
152
159
143
136
135
163
134
120
114
104
126
128
125
111
105
96
108
87
92
96
84
98
86
100
89
86
97
99
96
80
88
93
66
78
86
66
68
56
61
58
66
52
71
66
55
57
49
54
51
46
49
49
46
50
40
57
48
49
44
41
36
34
44
44
33
41
29
36
31
46
35
20
26
31
31
32
34
33
24
38
24
34
24
30
23
19
26
26
25
25
22
31
16
22
23
10
23
21
20
14
19
18
17
17
17
17
19
21
19
8
14
23
15
17
14
13
10
13
8
10
14
10
4
10
13
17
14
10
12
12
3
8
6
13
9
10
7
15
8
9
5
9
5
9
8
8
7
4
6
14
8
7
4
9
1
6
4
6
8
6
3
3
8
11
5
2
3
2
4
3
5
4
6
5
3
0
4
5
4
6
5
2
10
3
2
3
3
3
0
5
3
5
4
5
2
4
3
4
9
2
1
2
4
4
0
1
4
1
2
3
2
3
2
1
2
2
1
2
2
2
3
1
0
2
2
1
0
0
2
0
0
1
2
1
0
1
3
0
2
0
0
3
0
0
2
2
0
2
0
2
2
2
0
1
1
2
0
1
1
0
0
2
1
1
0
1
0
0
2
0
1
1
0
1
1
1
2
0
0
1
1
0
1
0
0
1
0
1
0
0
0
0
1
0
2
1
0
0
1
0
0
0
1
1
1
1
0
0
0
0
0
0
0
0
0
1
0
0
1
0
0
0
0
0
0
0
0
0
0
0
0
0
0
0
0
0
0
0
0
0
0
0
0
0
0
0
0
0
0
0
0
0
1
0
1
0
0
0
0
0
0
0
0
0
0
0
0
0
0
0
1
0
0
0
0
0
0
0
0
0
0
0
0
0
1
0
0
0
0
0
0
0
0
0
0
0
0
0
0
0
0
0
0
0
0
0
0
0
0
0
0
1
0
0
1
0
0
0
0
0
0
0
0
0
0
0
0
0
0
0
0
0
0
0
0
0
0
0
0
0
0
0
0
0
0
0
0
0
0
0
0
0
0
0
0
0
0
1
0
0
0
0
0
0
0
0
0
0
0
0
0
0
0
0
0
0
0
0
0
0
0
0
0
0
0
0
0
0
0
0
0
0
0
0
0
0
0
0
0
0
0
0
0
0
0
0
0
0
0
0
0
0
0
0
0
0
0
0
0
0
0
0
0
0
0
0
1
0
0
0
0
0
0
0
0
0
0
0
0
0
0
0
0
0
0
0
0
0
0
0
0
0
0
0
0
0
0
0
0
0
0
0
0
0
0
0
0
0
0
0
0
0
0
0
0
0
0
0
0
0
0
0
0
0
0
0
0
0
0
0
0
0
0
0
0
0
0
0
0
0
0
0
0
0
0
0
0
0
0
0
0
0
0
0
0
0
0
0
0
0
0
0
0
0
0
0
0
0
0
0
0
0
0
0
0
0
0
0
0
0
0
0
0
0
0
0
0
0
0
0
0
0
0
0
0
0
0
0
0
0
0
0
0
0
0
0
0
0
0
0
0
0
0
0
0
0
0
0
0
0
0
0
0
0
0
0
0
0
0
0
0
0
0
0
0
0
0
0
0
0
0
0
0
0
0
0
0
0
0
0
0
0
0
0
0
0
0
0
0
0
0
0
0
0
0
0
0
0
0
0
0
0
0
0
0
0
0
0
0
0
0
0
0
0
0
0
0
0
0
0
0
0
0
0
0
0
0
0
0
0
0
0
0
0
0
0
0
0
0
0
0
0
0
0
0
0
0
0
0
0
0
0
0
0
0
0
0
0
0
0
0
0
0
0
0
0
0
0
0
0
0
0
0
0
0
0
0
0
0
0
0
0
0
0
0
0
0
0
0
0
0
0
0
0
0
0
