0
2521
8590
16030
24492
34373
44296
52786
56769
56960
54569
51255
47501
43245
39991
36453
33096
29878
27435
24807
30280
30584
31525
31957
32005
32367
32223
31852
31833
31103
30590
29997
29383
28342
27577
26678
26066
24825
24031
23457
22678
21912
20969
20482
19637
18957
18352
17822
16827
16515
16213
15228
14973
14344
13747
13217
13013
12433
12074
11555
11282
10864
10224
10024
9656
9459
9150
8646
8621
8428
7859
7820
7407
7095
6970
6793
6544
6114
6256
6002
5770
5579
5406
5261
5065
4869
4685
4648
4471
4302
4174
4115
3974
3908
3705
3562
3496
3294
3328
3213
3195
3047
2890
2839
2781
2701
2563
2503
2605
2381
2335
2294
2152
2118
2063
2155
2018
1925
1829
1821
1821
1723
1752
1608
1576
1590
1516
1538
1452
1428
1392
1391
1318
1277
1210
1251
1218
1184
1144
1140
1081
1078
1028
959
947
928
870
840
897
813
828
791
788
792
729
728
765
764
683
681
616
649
593
648
643
602
600
548
517
520
521
513
496
530
469
508
484
488
426
430
411
424
428
402
390
368
375
411
352
338
341
346
316
315
290
311
299
282
273
283
304
251
258
263
276
261
226
218
274
210
212
228
207
195
184
188
210
196
227
200
182
184
167
170
168
159
143
156
157
144
138
155
119
144
142
135
122
140
127
114
119
126
113
106
97
102
119
111
99
93
109
102
94
93
95
95
80
95
91
81
77
64
89
75
89
69
72
67
78
67
73
61
58
62
55
47
56
54
59
65
45
55
52
63
46
44
46
49
62
59
51
38
47
52
39
36
41
30
48
35
45
34
29
31
37
32
34
32
37
31
42
34
26
33
36
26
28
39
36
25
22
20
19
27
19
16
20
18
27
24
12
27
17
16
17
19
27
15
15
15
11
15
12
19
17
11
18
16
19
18
17
13
16
14
14
13
11
15
7
10
8
13
8
6
10
7
12
9
13
16
15
5
11
10
8
4
7
5
12
7
9
9
1
2
6
9
8
10
6
4
6
2
6
5
2
8
5
6
4
5
10
5
5
3
5
5
8
5
1
6
3
4
4
5
2
2
5
1
6
7
6
5
2
2
4
6
2
3
4
4
4
5
3
1
2
5
3
4
1
4
2
1
2
0
6
2
0
3
0
2
1
2
1
3
1
3
0
2
1
3
3
1
0
0
1
2
3
3
2
2
2
1
1
3
2
2
3
0
0
1
1
0
1
2
2
0
2
1
1
2
0
1
1
2
1
2
2
1
2
0
0
1
0
2
1
0
0
0
1
1
1
0
0
0
0
0
1
0
0
1
0
2
1
1
0
0
1
0
1
0
1
0
0
0
0
0
3
0
0
1
1
0
0
0
0
0
1
1
0
0
0
1
0
0
0
0
1
0
0
0
1
1
0
0
0
0
0
1
2
1
0
0
1
1
0
0
0
0
0
1
0
1
1
0
1
0
0
0
0
0
0
0
0
0
0
1
0
0
0
0
0
0
1
0
0
0
0
0
0
0
0
0
0
0
0
0
0
0
0
0
0
0
0
0
0
0
1
0
1
0
0
0
0
0
0
0
0
0
0
0
0
0
0
0
1
0
0
0
1
0
0
1
0
0
0
0
0
0
0
0
0
0
0
0
0
0
0
0
1
0
0
0
0
0
0
0
1
0
0
0
0
0
0
0
0
0
0
0
0
0
0
0
0
0
0
0
0
0
0
1
0
0
0
0
0
0
0
0
0
0
0
0
0
0
0
0
0
0
0
0
0
0
1
0
0
0
0
1
0
0
0
0
0
0
0
0
0
0
1
0
0
0
0
0
0
0
0
0
0
0
0
0
0
1
0
0
0
0
0
0
0
0
0
0
0
0
0
0
0
0
0
0
0
0
1
0
0
0
0
0
0
0
0
0
0
0
0
0
0
0
0
0
0
0
0
0
0
0
0
0
0
0
0
0
0
0
0
0
0
0
0
0
0
0
0
0
0
0
0
0
0
0
0
0
0
0
0
0
0
0
0
0
0
0
0
0
0
0
0
0
0
0
0
0
0
0
0
0
0
1
1
0
0
0
0
0
0
0
0
0
0
0
0
0
0
0
0
0
0
1
0
0
0
0
0
0
0
0
0
0
0
0
0
0
0
0
0
0
0
0
0
0
0
0
0
0
0
0
0
0
0
0
0
0
0
0
0
0
0
0
0
0
0
0
0
0
0
0
0
0
0
0
0
0
0
0
0
0
0
0
0
0
0
0
0
0
0
0
0
0
0
0
0
0
0
0
0
0
0
0
0
0
0
0
0
0
0
0
0
0
0
0
0
0
0
0
0
0
0
0
0
0
0
0
0
0
0
0
0
0
0
0
0
0
0
0
0
0
0
0
0
0
0
0
0
0
0
0
0
0
