0
0
0
0
0
0
0
0
0
0
1
7
20
23
35
31
70
69
95
106
235
277
364
373
447
523
644
806
1169
1512
2081
2586
3058
3636
3978
4478
4812
5077
5377
5526
5670
6004
6052
6173
6092
6092
6226
6241
6030
6098
6129
5789
6049
5790
5662
5491
5579
5449
5269
5295
5157
5141
4810
4826
4629
4716
4504
4253
4400
4388
4088
4086
3894
3787
3717
3711
3590
3375
3554
3345
3276
3155
3141
3082
3054
2887
2841
2816
2727
2612
2571
2530
2445
2480
2382
2284
2253
2042
2100
2063
2084
1946
1936
1879
1895
1835
1745
1695
1762
1641
1549
1592
1481
1481
1471
1489
1423
1312
1274
1267
1322
1240
1277
1171
1144
1152
1061
1146
1071
1068
1012
978
980
939
888
923
914
854
851
848
825
808
746
723
714
744
681
632
693
615
619
613
605
619
565
571
577
605
547
548
473
513
466
505
514
478
472
428
397
423
410
433
393
423
364
436
382
392
328
349
330
339
351
326
324
300
302
347
292
273
276
289
255
253
230
255
234
223
226
232
242
201
200
206
222
208
188
196
230
176
179
193
183
160
155
157
167
160
192
168
153
159
140
139
144
124
117
131
129
117
114
122
97
118
123
112
98
118
113
94
106
113
93
95
89
86
99
101
79
78
93
85
88
78
85
74
67
83
75
69
67
53
78
63
76
64
53
60
66
54
66
52
50
55
49
40
49
44
53
56
41
45
46
49
40
36
42
44
52
53
48
31
38
38
31
27
35
28
44
28
38
28
24
26
29
29
27
28
30
23
38
29
19
29
31
25
22
35
29
22
18
16
16
25
15
14
15
13
26
18
9
25
14
13
17
15
24
13
15
9
11
13
10
18
15
11
16
13
19
15
16
11
13
11
14
10
10
15
6
10
7
11
8
5
8
6
12
7
10
13
12
5
9
10
8
3
7
5
12
6
7
9
1
2
5
7
6
9
5
3
5
2
6
4
2
4
5
6
4
4
8
3
3
3
5
4
6
2
1
4
3
4
4
5
2
2
5
1
5
7
6
5
2
2
3
6
1
2
2
4
3
5
3
1
2
5
3
4
0
4
2
1
2
0
5
0
0
3
0
1
1
2
1
2
1
3
0
2
1
3
2
1
0
0
1
2
3
3
2
2
2
1
1
3
2
1
2
0
0
1
1
0
0
1
2
0
1
1
1
2
0
1
1
2
1
2
2
1
2
0
0
1
0
2
1
0
0
0
0
1
0
0
0
0
0
0
0
0
0
1
0
2
1
0
0
0
1
0
1
0
1
0
0
0
0
0
2
0
0
1
1
0
0
0
0
0
0
1
0
0
0
1
0
0
0
0
0
0
0
0
1
1
0
0
0
0
0
0
1
0
0
0
1
0
0
0
0
0
0
1
0
1
1
0
1
0
0
0
0
0
0
0
0
0
0
1
0
0
0
0
0
0
0
0
0
0
0
0
0
0
0
0
0
0
0
0
0
0
0
0
0
0
0
0
0
0
1
0
0
0
0
0
0
0
0
0
0
0
0
0
0
0
0
0
1
0
0
0
0
0
0
1
0
0
0
0
0
0
0
0
0
0
0
0
0
0
0
0
1
0
0
0
0
0
0
0
1
0
0
0
0
0
0
0
0
0
0
0
0
0
0
0
0
0
0
0
0
0
0
1
0
0
0
0
0
0
0
0
0
0
0
0
0
0
0
0
0
0
0
0
0
0
0
0
0
0
0
0
0
0
0
0
0
0
0
0
0
0
0
0
0
0
0
0
0
0
0
0
0
0
0
0
0
0
0
0
0
0
0
0
0
0
0
0
0
0
0
0
0
0
0
0
0
0
0
0
0
0
0
0
0
0
0
0
0
0
0
0
0
0
0
0
0
0
0
0
0
0
0
0
0
0
0
0
0
0
0
0
0
0
0
0
0
0
0
0
0
0
0
0
0
0
0
0
0
0
0
0
0
0
0
0
0
0
0
0
0
0
0
0
0
0
0
0
0
0
0
0
0
1
1
0
0
0
0
0
0
0
0
0
0
0
0
0
0
0
0
0
0
1
0
0
0
0
0
0
0
0
0
0
0
0
0
0
0
0
0
0
0
0
0
0
0
0
0
0
0
0
0
0
0
0
0
0
0
0
0
0
0
0
0
0
0
0
0
0
0
0
0
0
0
0
0
0
0
0
0
0
0
0
0
0
0
0
0
0
0
0
0
0
0
0
0
0
0
0
0
0
0
0
0
0
0
0
0
0
0
0
0
0
0
0
0
0
0
0
0
0
0
0
0
0
0
0
0
0
0
0
0
0
0
0
0
0
0
0
0
0
0
0
0
0
0
0
0
0
0
0
0
0
