0
0
0
0
0
0
0
0
0
0
1
7
20
23
33
25
48
35
40
46
38
43
62
54
73
103
156
279
597
935
1474
1949
2442
2998
3320
3790
4111
4353
4702
4897
4949
5315
5332
5461
5382
5369
5468
5481
5285
5337
5302
5029
5237
4995
4817
4651
4700
4630
4400
4417
4257
4164
3889
3907
3732
3724
3538
3353
3459
3327
3038
2994
2824
2682
2615
2528
2406
2212
2364
2118
2079
1910
1860
1872
1753
1634
1561
1553
1440
1391
1300
1304
1175
1208
1103
1059
1003
940
883
829
827
819
761
720
763
681
644
633
598
568
475
534
470
475
477
473
418
373
353
397
346
332
343
322
278
286
255
271
280
239
223
219
218
180
176
172
184
176
169
170
160
129
130
130
140
107
125
91
105
110
101
82
86
79
87
78
77
78
82
71
57
67
66
61
81
73
65
63
66
47
52
50
47
60
40
47
48
30
40
43
25
43
44
37
27
31
33
32
30
32
28
37
34
18
21
22
23
22
19
22
25
29
17
20
24
16
18
14
23
10
15
16
12
10
22
10
16
12
10
15
13
13
16
11
6
5
9
8
6
9
3
7
2
8
11
4
2
9
7
7
7
8
8
8
4
5
6
1
8
5
1
3
9
2
5
5
3
7
7
2
4
3
3
4
3
1
1
3
0
0
3
1
3
1
0
2
4
2
2
0
1
2
0
0
1
1
3
1
4
1
1
0
3
0
1
0
1
1
1
0
0
1
0
0
0
0
0
2
0
0
0
3
0
0
0
0
0
1
0
0
1
0
0
0
1
0
0
0
0
0
0
0
0
0
0
0
0
0
0
0
0
0
0
0
0
0
1
0
0
0
0
0
0
0
0
0
0
0
0
0
0
0
0
0
0
0
0
0
0
0
0
0
0
0
0
0
0
0
0
0
0
0
0
0
0
0
0
0
0
0
0
0
0
0
0
0
0
0
0
0
0
0
0
0
0
0
0
0
0
0
0
0
0
0
0
0
0
0
0
0
0
0
0
0
0
0
0
0
0
0
0
0
0
0
0
0
0
0
0
0
0
0
0
0
0
0
0
1
0
0
0
0
0
0
0
0
0
0
0
0
0
0
0
0
0
0
0
0
0
0
0
0
0
0
0
0
0
0
0
1
0
0
0
0
0
0
0
0
0
0
0
0
1
0
0
0
0
0
0
0
0
0
0
0
0
0
0
0
0
0
0
0
0
0
0
0
0
0
0
0
0
0
0
0
0
0
0
0
0
0
0
0
0
0
0
0
0
0
0
0
0
0
0
0
0
0
0
0
0
0
0
0
0
0
0
0
0
0
0
0
0
0
0
0
0
0
0
0
0
0
0
0
0
0
0
0
0
0
0
0
0
0
0
0
0
0
0
0
0
0
0
0
0
0
0
0
0
0
0
0
0
0
0
0
0
0
0
0
0
0
0
0
0
0
0
0
0
0
0
0
0
0
0
0
0
0
0
0
0
0
0
0
0
0
0
0
0
0
0
0
0
0
0
0
0
0
0
0
0
0
0
0
0
0
0
0
0
0
0
0
0
0
0
0
0
0
0
0
0
0
0
0
0
0
0
0
0
0
0
0
0
0
0
0
0
0
0
0
0
0
0
0
0
0
0
0
0
0
0
0
0
0
0
0
0
0
0
0
0
0
0
0
0
0
0
0
0
0
0
0
0
0
0
0
0
0
0
0
0
0
0
0
0
0
0
0
0
0
0
0
0
0
0
0
0
0
0
0
0
0
0
0
0
0
0
0
0
0
0
0
0
0
0
0
0
0
0
0
0
0
0
0
0
0
0
0
0
0
0
0
0
0
0
0
0
0
0
0
0
0
0
0
0
0
0
0
0
0
0
0
0
0
0
0
0
0
0
0
0
0
0
0
0
0
0
0
0
0
0
0
0
0
0
0
0
0
0
0
0
0
0
0
0
0
0
0
0
0
0
0
0
0
0
0
0
0
0
0
0
0
0
0
0
0
0
0
0
0
0
0
0
0
0
0
0
0
0
0
0
0
0
0
0
0
0
0
0
0
0
0
0
0
0
0
0
0
0
0
0
0
0
0
0
0
0
0
0
0
0
0
0
0
0
0
0
0
0
0
0
0
0
0
0
0
0
0
0
0
0
0
0
0
0
0
0
0
0
0
0
0
0
0
0
0
0
0
0
0
0
0
0
0
0
0
0
0
0
0
0
0
0
0
0
0
0
0
0
0
0
0
0
0
0
0
0
0
0
0
0
0
0
0
0
0
0
0
0
0
0
0
0
0
0
0
0
0
0
0
0
0
0
0
0
0
0
0
0
0
0
0
