0
0
0
0
0
0
0
0
0
0
0
0
0
0
0
0
0
0
0
0
0
1
1
0
0
1
0
2
1
3
2
2
5
4
2
0
2
3
0
4
2
2
1
3
6
1
6
5
4
14
10
23
19
23
47
50
60
81
105
143
160
181
230
248
287
330
347
409
422
439
424
452
502
502
525
530
561
541
588
583
571
536
560
600
594
581
585
586
556
611
559
590
535
582
536
513
524
503
456
465
465
473
454
448
441
405
392
397
381
375
338
331
319
315
325
282
272
271
252
261
235
216
251
217
193
212
169
191
198
176
160
147
139
136
116
130
131
107
115
110
104
89
97
90
90
67
73
61
75
61
67
64
49
53
50
44
48
53
49
44
45
44
42
46
42
29
36
35
40
28
28
19
35
29
15
28
32
22
25
17
20
18
22
18
22
13
18
19
16
15
9
13
16
8
12
10
10
10
12
13
13
17
8
6
11
9
8
7
9
3
7
8
8
8
10
3
8
5
4
4
7
6
9
8
3
2
5
4
1
3
1
5
3
3
8
4
2
6
3
3
2
4
9
6
3
2
3
1
5
1
4
3
6
1
5
6
4
9
6
3
3
1
4
2
2
0
1
2
2
2
3
3
3
0
0
1
3
3
0
2
5
2
0
3
3
0
4
1
5
1
3
1
2
0
1
1
2
2
2
2
2
2
1
0
0
1
1
1
0
1
3
2
1
0
0
1
1
5
1
0
1
2
0
2
1
0
1
0
0
1
0
0
1
1
0
0
1
1
0
0
0
0
0
0
0
0
1
3
0
0
0
0
0
1
0
1
1
0
0
1
0
0
0
0
0
0
0
0
0
0
1
0
0
1
1
0
0
0
1
0
0
0
0
0
1
0
0
0
0
0
1
0
0
0
0
0
0
0
0
1
0
0
0
0
0
0
0
0
0
0
0
0
0
0
0
0
1
0
0
0
1
0
0
0
0
0
0
0
0
0
0
0
0
0
1
0
0
0
0
0
0
0
0
0
1
0
0
0
0
0
0
0
0
0
0
0
0
0
0
0
0
0
0
0
0
0
1
1
0
0
0
0
0
0
0
0
0
0
0
0
0
0
0
0
0
0
0
0
0
0
0
0
0
0
0
0
0
0
0
0
0
0
0
0
0
0
0
0
0
0
0
0
0
0
0
0
0
0
0
0
0
0
0
0
0
0
0
0
0
0
0
0
0
0
0
0
0
0
0
0
1
0
0
0
0
0
0
0
0
0
0
0
0
0
0
0
0
0
0
0
0
0
0
0
0
0
0
0
0
0
0
0
0
0
0
0
0
0
0
0
0
0
0
0
0
0
0
0
0
0
0
0
0
0
0
0
0
0
0
0
0
0
0
0
0
0
0
0
0
0
0
0
0
0
0
0
0
0
0
0
0
0
0
0
0
0
0
0
0
0
0
0
0
0
0
0
0
0
0
0
0
0
0
0
0
0
0
0
0
0
0
0
0
0
0
0
0
0
0
0
0
0
0
0
0
0
0
0
0
0
0
0
0
0
0
0
0
0
0
0
0
0
0
0
0
0
0
0
0
0
0
0
0
0
0
0
0
0
0
0
0
0
0
0
0
0
0
0
0
0
0
0
0
0
0
0
0
0
0
0
0
0
0
0
0
0
0
0
0
0
0
0
0
0
0
0
0
0
0
0
0
0
0
0
0
0
0
0
0
0
0
0
0
0
0
0
0
0
0
0
0
0
0
0
0
0
0
0
0
0
0
0
0
0
0
0
0
0
0
0
0
0
0
0
0
0
0
0
0
0
0
0
0
0
0
0
0
0
0
0
0
0
0
0
0
0
0
0
0
0
0
0
0
0
0
0
0
0
0
0
0
0
0
0
0
0
0
0
0
0
0
0
0
0
0
0
0
0
0
0
0
0
0
0
0
0
0
0
0
0
0
0
0
0
0
0
0
0
0
0
0
0
0
0
0
0
0
0
0
0
0
0
0
0
0
0
0
0
0
0
0
0
0
0
0
0
0
0
0
0
0
0
0
0
0
0
0
0
0
0
0
0
0
0
0
0
0
0
0
0
0
0
0
0
0
0
0
0
0
0
0
0
0
0
0
0
0
0
0
0
0
0
0
0
0
0
0
0
0
0
0
0
0
0
0
0
0
0
0
0
0
0
0
0
0
0
0
0
0
0
0
0
0
0
0
0
0
0
0
0
0
0
0
0
0
0
0
0
0
0
0
0
0
0
0
0
0
0
0
0
0
0
0
0
0
0
0
0
0
0
