0
0
0
0
0
0
0
0
0
0
0
0
1
0
2
4
6
4
6
5
29
24
18
25
50
85
156
259
433
657
926
1356
1732
2277
2785
3376
3937
4383
4815
5132
5391
5572
5600
5727
5723
5855
5772
5773
5615
5623
5480
5398
5227
5343
4985
4956
4786
4739
4505
4402
4184
4072
3944
3748
3600
3607
3409
3388
3245
3027
3081
2874
2704
2651
2530
2450
2296
2271
2161
2031
1849
1822
1836
1667
1669
1559
1438
1401
1385
1268
1212
1166
1040
1075
1075
975
931
877
849
746
708
683
717
654
618
584
564
525
534
504
502
459
440
393
429
388
371
358
332
333
287
286
282
286
265
221
214
231
216
219
169
173
172
146
172
132
138
149
134
114
110
121
102
124
104
76
82
86
77
86
72
73
70
71
67
54
53
51
61
62
42
33
46
38
39
46
40
37
44
44
27
32
27
32
30
31
30
25
26
20
19
21
20
15
23
25
18
16
17
17
13
16
20
15
9
19
14
10
11
11
9
9
12
9
10
8
4
9
18
13
9
12
5
8
9
5
6
5
5
7
2
6
4
2
4
7
3
7
2
6
4
4
4
1
6
5
1
6
1
3
5
2
3
1
1
2
1
2
2
2
2
0
2
4
4
3
2
1
2
2
0
0
0
2
3
1
1
1
0
0
0
1
1
1
1
2
1
1
0
0
0
2
1
1
0
0
0
0
1
1
0
0
1
0
1
0
1
0
0
0
0
0
0
0
1
1
0
0
1
0
0
1
0
0
0
1
0
0
0
0
0
1
1
0
0
0
0
0
1
0
0
0
0
1
0
0
0
0
0
0
0
0
0
0
2
0
0
1
0
0
0
0
0
0
0
0
0
0
0
0
1
0
0
0
1
0
0
0
0
0
0
0
0
0
0
0
0
0
0
1
0
0
0
1
0
0
0
0
0
0
0
0
0
0
0
0
0
0
0
0
0
0
0
0
1
0
0
0
0
0
0
0
0
0
0
0
0
0
0
0
0
1
0
0
0
0
0
0
0
1
0
0
0
0
0
0
0
0
0
0
0
0
0
0
0
0
0
0
0
0
0
0
0
0
0
0
0
0
0
0
0
0
0
0
0
0
0
0
0
0
0
0
0
0
0
0
0
0
0
0
0
0
0
0
0
0
0
0
0
0
0
0
1
0
0
0
0
0
0
0
0
0
0
0
0
0
0
0
0
0
0
0
0
0
0
0
0
0
1
0
0
0
0
0
0
0
0
0
1
0
0
0
0
0
0
0
0
0
0
0
0
0
0
0
0
0
0
0
0
0
0
0
0
1
0
0
0
0
0
0
0
0
0
0
0
0
0
0
0
0
0
0
0
0
0
0
0
0
0
0
0
0
0
0
0
0
0
0
0
0
0
0
0
0
0
0
0
0
0
0
0
0
0
0
0
0
0
0
0
0
0
0
0
0
0
0
0
0
0
0
1
0
0
0
0
0
0
0
0
0
0
0
0
0
0
0
0
0
0
0
0
0
0
0
0
0
0
0
0
0
0
0
0
0
0
0
0
0
0
0
0
0
0
0
0
0
0
0
0
0
0
0
0
0
0
0
0
0
0
0
0
0
0
0
0
0
0
0
0
0
0
0
0
0
0
0
0
0
0
0
0
0
0
0
0
0
0
0
0
0
0
0
0
0
0
0
0
0
0
0
0
0
0
0
0
0
0
0
0
0
0
0
0
0
0
0
0
0
0
0
0
0
0
0
0
0
0
1
0
0
0
0
0
0
0
0
0
0
0
0
0
0
0
0
0
0
0
0
0
0
0
0
0
0
0
0
0
0
0
0
0
0
0
0
0
0
0
0
0
0
0
0
0
0
0
0
0
0
0
0
0
0
0
0
0
0
0
0
0
0
0
0
0
0
0
0
0
0
0
0
0
0
0
0
0
0
0
0
0
0
0
0
0
0
0
0
0
0
0
0
0
0
0
0
0
0
0
0
0
0
0
0
0
0
0
0
0
0
0
0
0
0
0
0
0
0
0
0
0
0
0
0
0
0
0
0
0
0
0
0
0
0
0
0
0
0
0
0
0
0
0
0
0
0
0
0
0
0
0
0
0
0
0
0
0
0
0
0
0
0
0
0
0
0
0
0
0
0
0
0
0
0
0
0
0
0
0
0
0
0
0
0
0
0
0
0
0
0
0
0
0
0
0
0
0
0
0
0
0
0
0
0
0
0
0
0
0
0
0
0
0
0
0
0
0
0
0
0
0
0
0
0
0
0
0
0
0
0
0
0
0
0
0
0
0
0
0
0
0
0
0
0
0
0
0
0
0
0
0
0
