0
0
0
0
0
0
0
0
0
0
0
0
1
0
3
4
7
4
11
16
266
310
392
438
535
628
770
890
1114
1343
1634
2106
2500
3035
3587
4157
4690
5130
5630
5899
6174
6303
6396
6477
6515
6605
6580
6494
6364
6421
6214
6167
5939
6055
5683
5605
5499
5430
5214
5069
4814
4745
4571
4401
4265
4250
4060
4028
3927
3686
3724
3497
3350
3309
3171
3084
2956
2952
2882
2708
2543
2505
2537
2390
2388
2309
2170
2154
2063
2004
1940
1824
1686
1808
1776
1706
1611
1540
1508
1398
1326
1366
1339
1305
1278
1151
1138
1125
1136
1069
1056
1056
1024
927
1001
952
930
875
858
805
794
795
738
714
727
661
653
674
671
619
627
577
544
555
548
534
510
513
457
445
453
488
418
452
456
398
361
374
388
387
364
360
363
340
350
331
300
281
307
298
285
288
254
284
263
277
258
243
254
223
222
211
193
209
210
197
210
182
185
182
174
177
170
162
170
162
151
149
144
137
140
124
146
135
113
136
116
105
109
122
132
123
120
99
94
106
125
119
100
111
99
95
68
85
85
77
72
84
78
74
86
70
51
70
56
66
70
70
61
53
67
64
60
54
60
59
46
58
36
54
59
48
51
52
42
48
43
42
40
31
39
42
40
34
40
33
38
31
33
41
31
28
27
23
22
25
26
31
27
22
27
26
25
15
25
21
23
25
13
16
20
20
15
20
14
13
9
12
19
14
17
6
11
18
12
15
16
11
9
10
14
6
9
10
14
14
8
11
11
14
3
12
6
9
6
8
9
5
9
8
3
8
7
7
5
13
8
12
5
7
5
14
7
11
5
4
4
3
12
4
4
4
4
0
7
8
4
4
6
3
1
2
5
4
0
5
2
6
7
2
1
5
1
3
4
6
5
1
3
5
5
2
6
3
2
1
3
4
4
6
3
3
3
3
1
0
3
2
2
1
0
3
2
0
0
3
2
0
2
1
4
3
1
3
4
0
3
1
1
5
0
0
3
3
1
3
1
0
0
1
0
2
0
0
1
4
0
2
3
4
2
0
2
0
1
1
2
1
4
1
1
0
1
1
1
0
1
0
1
0
0
0
0
0
0
0
1
0
0
0
2
0
0
0
0
1
1
0
1
1
0
0
0
0
0
1
1
0
1
2
1
0
0
0
0
0
0
0
0
0
1
1
2
0
0
0
0
1
2
0
0
1
0
0
0
0
1
0
0
0
0
0
0
0
0
0
0
2
1
0
0
0
1
0
0
0
0
0
1
0
0
0
0
0
0
0
0
0
0
0
1
0
0
0
0
0
0
0
0
0
0
0
0
1
0
0
0
1
0
0
0
0
0
0
0
0
0
0
0
0
0
0
0
0
0
0
0
0
0
1
0
0
0
0
0
0
0
0
0
0
0
0
0
0
0
0
0
0
0
0
0
0
0
0
0
1
0
0
0
0
0
0
0
0
0
0
0
0
0
0
1
1
0
0
0
0
0
0
0
0
0
0
0
0
0
0
0
0
0
0
0
0
0
0
0
0
0
0
0
0
0
0
0
0
0
0
0
0
0
0
0
0
0
0
0
0
0
0
0
0
0
0
0
0
0
0
0
0
0
0
0
0
0
0
0
0
0
0
0
0
0
0
0
0
0
0
0
0
1
0
0
0
0
0
0
0
0
0
0
0
0
0
0
0
0
0
0
0
0
0
0
0
0
0
0
0
0
0
0
0
0
0
0
0
0
0
0
0
0
0
0
0
0
0
0
0
0
1
0
0
0
0
0
0
0
0
0
0
0
0
0
0
0
0
0
0
0
0
0
0
0
0
0
0
0
0
0
0
0
0
0
0
0
0
1
0
0
0
0
0
0
0
0
0
0
0
0
0
0
0
0
0
0
0
0
0
0
0
0
0
0
0
0
0
0
0
0
0
0
0
0
0
0
0
0
0
0
0
0
0
0
0
0
0
0
0
0
0
0
0
0
0
0
0
0
0
0
0
0
0
0
0
0
0
0
0
0
0
0
0
0
0
0
0
0
0
0
0
0
0
0
0
0
0
0
0
0
0
1
0
0
0
0
0
0
0
0
0
0
0
0
0
0
0
0
0
0
0
0
0
0
0
0
0
0
0
0
0
0
0
0
0
0
0
0
0
0
0
0
0
0
0
0
0
0
0
0
0
0
0
0
0
0
0
0
0
0
0
0
0
0
0
0
0
0
0
0
0
0
0
0
0
0
0
0
0
0
0
0
0
0
0
0
0
0
0
0
0
0
0
0
0
0
0
0
0
0
0
0
0
0
0
0
0
0
0
0
0
0
0
0
0
0
0
0
0
0
0
0
0
