0
1719
4436
7117
9783
11708
13778
15193
16740
17878
18794
19579
20223
20533
20444
20496
20098
19947
20048
19731
31449
32979
35086
37793
40618
41858
43024
43870
43891
43801
43447
42566
41910
40666
39274
38083
37217
35713
34263
33207
31976
30750
29622
28492
26957
26020
25180
24049
22760
22127
21174
20434
19575
18796
17960
17203
16710
16041
15320
14771
14136
13468
12886
12464
12027
11746
11102
10723
10503
9985
9839
9191
8988
8552
8290
8069
7623
7428
7168
6846
6623
6467
6281
6093
5979
5696
5546
5332
5177
4966
4902
4553
4372
4370
4233
4110
4040
3864
3726
3528
3427
3348
3251
3223
3221
3010
2904
2906
2827
2704
2597
2620
2446
2277
2380
2309
2287
2129
2119
1980
1889
1944
1822
1796
1790
1695
1681
1670
1633
1549
1495
1447
1405
1396
1354
1295
1283
1277
1147
1113
1131
1142
1100
1094
1128
1018
966
913
943
917
892
909
858
825
778
805
760
740
750
753
725
710
640
690
599
649
615
613
597
547
576
538
472
540
493
490
493
445
454
477
443
442
463
413
442
387
386
385
364
352
344
321
351
323
339
341
306
291
309
304
281
304
270
255
243
244
287
261
236
248
243
246
213
212
213
197
199
201
191
197
213
184
167
163
152
163
180
166
163
148
166
163
146
149
161
137
139
150
100
127
132
137
94
123
110
103
103
101
104
86
95
88
94
79
95
82
98
82
96
87
87
85
75
56
73
60
78
71
69
57
67
73
65
45
58
61
56
60
41
36
49
50
42
52
48
39
40
34
44
35
43
21
40
47
38
34
31
37
29
39
39
30
36
33
39
41
26
39
24
39
21
24
27
22
18
23
28
14
19
20
19
23
27
19
27
28
21
19
22
22
23
25
13
22
11
21
13
16
21
9
12
7
9
7
16
15
18
10
14
9
6
8
14
8
5
11
11
15
10
5
7
11
6
10
8
11
9
3
5
7
14
9
10
8
9
7
7
6
9
14
5
6
5
8
7
5
6
4
3
7
2
6
6
2
2
5
5
5
3
7
5
4
6
4
11
0
12
4
5
8
4
1
5
4
4
6
2
1
1
2
3
4
0
2
2
6
3
2
3
5
4
3
4
1
1
2
4
1
6
3
2
3
4
3
1
1
2
3
1
0
2
1
0
0
3
0
1
0
0
0
3
2
1
0
1
1
1
1
2
2
1
0
3
0
0
2
2
1
1
2
3
0
2
0
0
1
0
0
0
0
1
2
3
0
0
1
1
3
2
0
0
1
0
1
1
0
1
0
0
0
0
0
0
1
2
0
0
2
2
1
0
0
1
0
0
0
0
0
1
0
1
0
1
0
1
1
0
0
0
0
1
0
1
0
0
1
0
0
0
1
0
0
0
1
0
0
0
1
0
0
1
0
0
1
0
0
0
0
0
0
0
0
0
1
0
0
0
0
0
2
0
0
1
0
0
0
1
0
0
0
0
0
0
0
0
0
0
1
0
0
0
0
0
1
0
1
0
0
0
0
0
0
0
0
0
0
0
0
0
0
1
2
0
0
0
0
0
0
0
0
1
0
0
0
0
0
0
0
0
0
0
0
0
0
0
0
0
0
0
0
0
0
0
0
0
0
0
0
0
1
0
0
0
0
0
0
0
0
0
0
0
0
0
0
0
0
0
1
0
0
0
0
0
0
0
0
0
0
0
0
0
0
1
0
0
0
0
0
1
0
0
0
0
1
0
0
0
0
0
0
0
0
0
0
0
0
0
0
0
0
0
0
0
0
0
0
0
0
0
0
0
0
0
0
0
0
0
0
0
0
0
0
0
0
0
0
0
1
0
0
0
0
0
0
0
0
0
0
0
0
0
0
0
0
0
0
0
0
0
0
0
0
0
0
0
0
0
0
0
0
0
0
0
0
1
0
0
0
0
0
0
0
0
0
0
0
0
0
0
0
0
0
0
0
0
0
0
0
0
0
0
0
0
0
0
0
1
1
0
0
0
0
0
0
0
0
0
0
0
0
0
0
0
0
0
0
0
0
0
0
0
0
0
0
0
0
0
0
0
0
1
0
0
0
0
0
0
0
0
0
0
0
0
0
0
0
0
0
0
0
0
0
0
0
0
0
0
0
1
0
0
0
0
0
0
0
0
0
0
0
0
0
0
0
0
0
0
0
0
0
0
0
0
0
0
0
0
0
0
0
0
0
0
0
0
0
0
0
0
0
0
0
0
0
0
0
0
0
0
0
0
0
0
0
0
0
0
0
0
0
0
0
0
0
0
0
0
0
0
0
0
0
0
0
0
0
0
0
0
0
0
0
0
0
0
0
0
0
0
0
0
0
0
0
0
0
0
0
0
0
0
0
0
0
0
0
0
0
0
0
0
0
0
0
0
0
0
0
0
0
