0
0
0
0
0
0
0
0
0
0
0
0
0
0
0
0
0
0
0
1
0
0
3
0
1
1
2
3
1
4
0
1
4
3
4
2
7
5
4
5
5
3
0
1
8
4
7
5
7
8
5
10
13
13
25
38
65
65
87
107
130
156
196
215
271
274
320
354
378
423
486
513
500
535
619
567
591
671
689
705
755
713
739
752
717
775
766
779
823
788
776
784
783
798
740
805
776
749
789
810
743
712
744
726
748
744
710
712
677
724
695
675
677
674
681
629
639
650
631
613
605
611
628
615
609
576
584
595
538
560
538
542
520
538
489
464
528
451
471
461
474
468
466
432
410
388
417
390
390
365
390
376
366
329
318
346
317
308
298
313
293
304
285
272
275
267
238
264
238
231
242
199
200
197
195
202
213
196
204
154
167
167
188
168
157
155
132
133
128
131
140
124
109
132
131
121
115
115
128
110
93
123
122
100
94
90
86
97
88
87
85
75
76
81
80
69
68
67
67
52
70
60
65
82
61
63
56
53
54
35
46
46
48
56
44
43
35
37
36
48
44
36
27
45
30
37
49
34
26
36
34
36
26
22
26
27
36
23
40
22
27
21
33
28
30
19
24
24
19
19
22
22
15
23
15
15
21
17
15
13
20
24
19
23
21
20
22
21
12
23
12
17
14
22
17
10
17
10
14
8
9
12
14
10
19
15
13
11
12
10
14
18
16
6
13
16
12
10
10
12
13
12
8
11
4
8
7
7
4
5
7
11
4
7
13
7
8
8
6
10
8
3
6
4
6
7
5
7
10
9
6
9
3
4
5
6
6
6
2
5
7
5
1
4
6
4
2
4
6
5
4
6
3
3
5
1
5
1
6
4
3
2
3
4
1
2
5
3
2
0
3
2
2
3
1
2
1
3
3
2
3
3
0
1
4
2
1
2
0
1
3
1
0
3
3
0
0
1
1
1
0
3
2
0
0
1
3
1
3
2
2
0
1
2
0
0
0
0
3
1
1
2
0
1
0
2
0
2
0
0
2
1
0
0
1
1
2
0
1
1
0
0
0
0
1
0
0
0
0
0
0
0
0
1
0
0
0
0
0
0
1
0
1
0
1
0
1
1
1
0
0
0
0
0
0
0
1
0
1
0
0
0
0
0
0
0
0
0
0
0
0
0
0
0
0
0
0
0
0
0
0
0
1
0
0
1
0
0
0
0
0
0
0
0
0
1
0
0
0
0
0
0
0
0
0
0
0
0
0
0
0
0
0
0
0
0
0
0
0
0
0
0
0
0
0
0
0
0
0
0
0
0
0
0
0
0
0
0
0
0
0
0
0
0
0
0
0
0
0
0
0
0
0
0
0
0
0
0
0
0
0
0
0
0
0
0
0
0
0
0
0
0
0
0
0
0
0
0
0
1
0
0
0
0
0
0
0
0
0
0
0
0
0
0
0
0
0
0
0
0
0
0
0
0
0
0
0
0
0
0
0
0
0
0
0
0
0
0
0
0
0
0
0
0
0
0
0
0
0
0
0
0
0
0
0
0
0
0
0
0
0
0
0
0
0
0
0
0
0
0
0
0
0
0
0
0
0
0
0
0
0
0
0
0
0
0
0
0
0
0
0
0
0
0
0
0
0
0
0
0
0
0
0
0
0
0
0
0
0
0
0
0
0
0
0
0
0
0
0
0
0
0
0
0
0
0
0
0
0
0
0
0
0
0
0
0
0
0
0
0
0
0
0
0
0
0
0
0
0
0
0
0
0
0
0
0
0
0
0
0
0
0
0
0
0
0
0
0
0
0
1
0
0
0
0
0
0
0
0
0
0
0
0
0
0
0
0
0
0
0
0
0
0
0
0
0
0
0
0
0
0
0
0
0
0
0
0
0
0
0
0
0
0
0
0
0
0
0
0
0
0
0
0
0
0
0
0
0
0
0
0
0
0
0
0
0
0
0
0
0
0
0
0
0
0
0
0
0
0
0
0
0
0
0
0
0
0
0
0
0
0
0
0
0
0
0
0
0
0
0
0
0
0
0
0
0
0
0
0
0
0
0
0
0
0
0
0
0
0
0
0
0
0
0
0
0
0
0
0
0
0
0
0
0
0
0
0
0
0
0
0
0
0
0
0
0
0
0
0
0
0
0
0
0
0
0
0
0
0
0
0
0
0
0
0
0
0
0
0
0
0
0
0
0
0
0
0
0
0
0
0
0
0
0
0
0
0
0
0
0
0
0
0
0
0
0
0
0
0
0
0
0
0
0
0
0
0
0
0
0
