0
2
57
151
320
554
985
1378
1862
2304
3031
3535
4130
4642
5054
5224
5473
5443
5445
5247
5182
5124
4996
4857
4574
4491
4369
4314
4279
4137
3937
3831
3902
3841
3751
3794
3891
3977
3997
4110
4207
4229
4311
4697
4851
4944
5261
5280
5546
5706
5924
5972
5984
6102
6113
6199
6172
6225
6226
6205
6315
6295
6165
6022
6274
6128
6007
6102
5826
5878
5795
5756
5661
5569
5599
5441
5388
5283
5310
5251
5210
4933
4990
5077
4735
4829
4789
4699
4677
4519
4408
4393
4274
4273
4108
4083
3947
4013
3888
3821
3721
3646
3622
3502
3520
3515
3399
3421
3267
3177
3263
3222
3127
3051
2985
2970
3012
2901
2773
2705
2783
2672
2720
2572
2595
2477
2515
2405
2360
2324
2316
2359
2184
2233
2169
2064
2172
2033
2000
2084
2040
1928
1893
1856
1806
1737
1829
1739
1711
1713
1696
1667
1680
1631
1542
1488
1510
1512
1449
1469
1395
1373
1375
1333
1380
1320
1280
1237
1254
1232
1241
1158
1214
1176
1083
1113
1125
1030
1110
1020
982
972
1020
990
995
944
894
966
863
900
851
818
839
811
807
845
745
783
821
754
742
771
741
726
709
717
706
677
660
641
676
599
651
601
635
571
596
584
555
549
507
536
551
545
527
528
497
519
495
460
474
480
470
485
418
447
402
437
421
420
414
418
430
371
395
388
376
371
381
357
352
359
359
329
317
355
322
329
376
308
300
339
316
320
286
280
259
281
300
239
257
270
252
240
247
232
236
247
236
232
241
238
237
230
226
222
216
233
212
219
176
175
206
193
184
190
175
168
186
176
171
156
174
140
176
155
152
146
148
138
154
160
155
150
166
137
134
126
137
149
132
132
119
123
103
116
126
117
120
110
134
126
110
111
128
111
103
114
109
85
94
95
90
97
82
87
84
82
100
74
83
96
76
60
81
95
77
89
60
77
88
93
67
63
62
81
73
76
69
55
66
71
58
65
63
61
59
60
57
60
51
61
60
65
68
53
54
50
49
58
51
36
56
44
53
60
45
51
40
39
48
36
45
47
40
37
38
24
31
31
40
44
46
55
41
28
29
33
35
32
44
37
30
32
42
22
33
34
32
37
26
36
24
29
25
27
20
24
33
37
20
25
29
31
26
27
28
25
19
18
13
26
26
15
20
18
21
24
21
23
22
14
14
16
21
17
16
20
20
9
17
21
11
26
22
11
19
14
11
14
10
14
21
12
18
14
9
12
18
11
14
11
12
15
12
12
10
19
10
9
16
5
10
14
8
13
13
17
11
8
11
17
14
9
13
7
6
5
4
10
7
8
10
8
10
4
6
8
8
9
8
9
3
9
9
7
3
5
8
8
7
8
7
5
6
6
6
5
5
6
4
8
7
3
8
8
8
4
6
5
9
5
2
2
3
6
9
6
7
12
4
5
4
6
8
4
6
5
9
2
5
2
3
4
3
6
1
5
7
4
10
2
10
3
5
5
4
2
4
3
3
2
5
0
2
5
2
4
4
2
1
2
4
1
4
3
3
5
1
3
4
2
2
5
1
1
3
0
1
2
2
6
4
2
3
2
1
2
0
2
1
3
1
1
2
0
2
1
0
3
2
6
3
2
1
0
1
1
0
0
1
2
0
0
2
2
0
1
2
0
0
0
1
3
1
1
4
1
1
1
2
2
1
0
4
1
0
4
1
0
1
0
1
1
0
2
4
2
0
1
0
1
0
2
0
0
2
1
2
2
1
1
1
2
0
2
0
1
1
0
0
0
3
0
1
0
0
0
2
1
0
3
0
0
3
1
1
0
0
1
0
0
0
0
0
1
1
1
1
0
0
0
0
1
0
2
1
0
1
1
0
1
0
0
1
0
1
1
2
1
3
0
0
0
0
0
0
0
0
1
1
3
1
1
0
0
0
0
0
1
1
0
0
0
0
1
0
1
0
1
0
0
0
0
0
0
0
0
0
0
0
1
0
0
0
0
0
0
0
0
0
0
0
0
0
0
0
1
0
0
0
0
1
1
0
0
0
0
0
0
1
0
0
0
0
0
0
0
1
0
1
0
0
0
0
0
0
0
0
0
0
0
1
0
0
0
0
0
0
0
1
0
0
0
0
0
0
0
0
0
0
0
0
0
0
1
0
0
0
0
0
0
1
0
1
0
0
0
0
0
0
0
0
0
0
1
0
0
0
0
0
0
0
0
0
0
0
0
1
0
0
0
0
0
0
1
0
0
0
0
0
0
0
0
0
0
0
0
0
0
0
0
0
0
0
0
0
0
0
0
0
0
0
0
0
0
0
0
0
0
0
0
0
0
0
0
0
0
0
0
0
0
0
0
0
0
0
0
0
0
0
0
0
0
0
0
0
0
0
0
0
0
0
0
0
0
0
0
0
0
