0
0
0
0
0
0
0
0
0
1
11
46
74
160
356
685
1101
1576
2145
2481
2724
2961
3140
3151
3087
3092
3167
3107
2887
2885
2747
2770
2671
2562
2342
2364
2348
2149
2126
1903
1821
1808
1809
1720
1583
1530
1467
1426
1321
1272
1170
1179
1130
1055
1004
978
926
930
848
819
788
750
716
741
664
677
584
604
537
526
520
472
475
430
433
413
379
393
337
358
384
342
291
294
307
269
240
263
225
215
209
231
197
194
194
192
178
168
196
162
165
141
139
134
131
139
126
116
113
113
103
125
98
93
111
79
86
80
87
80
76
70
58
65
60
67
58
50
58
61
49
59
63
49
40
38
44
43
48
43
41
35
50
39
31
31
35
23
33
32
27
25
29
27
32
16
28
17
22
24
20
17
29
24
36
17
19
13
11
14
16
17
14
11
11
9
14
10
13
10
11
10
8
9
6
8
11
9
7
11
10
5
8
9
10
7
4
9
10
10
11
6
5
1
7
3
11
9
4
2
3
6
2
6
3
1
5
3
3
3
3
1
4
3
6
4
2
3
2
0
6
3
1
4
2
1
3
1
0
2
3
2
3
4
2
0
5
1
1
2
1
2
2
3
0
1
0
1
3
1
1
1
0
0
1
0
1
1
1
0
0
0
2
1
0
0
1
3
0
1
0
0
0
0
0
3
0
0
0
1
4
0
0
0
0
0
1
0
0
0
0
0
0
1
1
0
0
1
0
2
0
0
0
1
1
1
1
0
0
0
0
0
1
0
0
1
1
0
0
0
0
1
0
1
0
0
0
0
1
0
0
0
0
0
0
0
0
0
0
0
0
0
0
0
0
0
0
0
0
0
1
0
0
0
0
1
0
0
0
0
0
0
0
0
0
0
0
0
0
0
0
0
0
0
0
0
0
0
0
0
0
0
0
0
0
0
0
0
0
0
0
0
0
0
0
0
0
0
0
0
0
0
0
0
0
0
0
0
0
0
0
0
0
0
0
0
0
0
0
0
0
0
0
0
0
0
0
0
0
0
0
0
0
0
0
0
0
0
0
0
0
0
0
0
0
0
0
0
0
0
0
0
0
0
0
0
1
0
0
0
0
0
0
0
0
0
0
0
0
0
0
0
0
0
0
0
0
0
0
0
0
0
0
0
0
0
0
0
0
0
0
0
0
0
0
0
0
0
0
0
0
0
0
0
0
0
0
0
0
1
0
0
0
0
0
0
0
0
0
0
0
0
0
0
0
0
0
0
0
0
0
0
0
0
0
0
0
0
0
0
0
0
0
0
1
0
0
0
0
0
0
0
0
0
0
0
0
0
0
0
0
0
0
0
0
0
0
0
0
0
0
0
0
0
0
0
0
0
0
0
0
0
0
0
0
0
0
0
0
0
0
0
0
0
0
0
0
0
0
0
0
0
0
0
0
0
0
0
0
0
0
0
0
0
0
0
0
0
0
0
0
0
0
0
0
0
0
0
0
0
0
0
0
0
0
0
0
0
0
0
0
0
0
0
0
0
0
0
0
0
0
0
0
0
0
0
0
0
0
0
0
0
0
0
0
0
0
0
0
0
0
0
0
0
0
0
0
0
0
0
0
0
0
0
0
0
0
0
0
0
0
0
0
0
0
0
0
0
0
0
0
0
0
0
0
0
0
0
0
0
0
0
0
0
0
0
0
0
0
0
0
0
0
0
0
0
0
0
0
0
0
0
0
0
0
0
0
0
0
0
0
0
0
0
0
0
0
0
0
0
0
0
0
0
0
0
0
0
0
0
0
0
0
0
0
0
0
0
0
0
0
0
0
0
0
0
0
0
0
0
0
0
0
0
0
0
0
0
0
0
0
0
0
0
0
0
0
0
0
0
0
0
0
0
0
0
0
0
0
0
0
0
0
0
0
0
0
0
0
0
0
0
0
0
0
0
0
0
0
0
0
0
0
0
0
0
0
0
0
0
0
0
0
0
0
0
0
0
0
0
0
0
0
0
0
0
0
0
0
0
0
0
0
0
0
0
0
0
0
0
0
0
0
0
0
0
0
0
0
0
0
0
0
0
0
0
0
0
0
0
0
0
0
0
0
0
0
0
0
0
0
0
0
0
0
0
0
0
0
0
0
0
0
0
0
0
0
0
0
0
0
0
0
0
0
0
0
0
0
0
0
0
0
0
0
0
0
0
0
0
0
0
0
0
0
0
0
0
0
0
0
0
0
0
0
0
0
0
0
0
0
0
0
0
0
0
0
0
0
0
0
0
0
0
0
0
0
0
0
0
0
0
0
0
0
0
0
0
0
0
