0
0
0
0
0
0
0
0
0
0
0
0
0
0
0
0
0
0
0
0
0
0
0
0
0
0
0
0
0
0
1
2
0
0
2
2
0
2
2
1
0
0
2
3
3
2
4
0
4
0
0
2
2
4
3
2
4
3
1
2
2
1
3
1
1
1
1
2
2
4
2
7
2
5
5
3
5
6
9
11
13
11
14
22
29
33
53
57
72
72
101
125
116
138
145
153
168
177
180
198
237
248
288
261
329
338
315
349
393
404
374
426
410
431
424
464
440
480
494
475
493
491
488
550
511
508
502
543
569
475
503
522
511
521
568
528
561
550
569
512
527
528
542
514
560
467
513
531
493
503
502
513
538
499
452
498
496
493
528
483
539
485
451
472
448
462
429
454
417
474
477
425
432
428
436
433
432
423
425
386
416
439
411
371
423
380
402
360
384
379
382
365
350
364
373
346
362
332
354
326
308
329
293
314
312
299
302
302
259
275
261
279
275
260
319
273
267
263
236
281
253
245
245
242
222
225
223
209
203
214
214
235
207
219
193
200
170
191
201
191
180
193
173
180
183
146
136
163
189
158
162
151
144
150
149
133
134
158
128
125
119
137
142
108
122
109
113
93
99
97
113
103
85
83
88
98
97
101
98
93
74
95
60
90
77
90
80
63
89
73
70
65
62
76
65
65
54
62
59
60
61
52
47
56
56
54
50
56
51
59
56
37
53
37
47
48
41
40
41
47
41
41
37
32
34
33
37
48
37
35
31
35
31
22
26
38
28
38
26
39
24
30
26
26
21
40
27
30
20
27
28
17
22
26
21
28
22
22
20
20
22
19
19
21
19
23
24
20
16
16
17
19
17
16
26
13
16
11
19
24
11
16
18
14
16
15
13
20
18
17
12
13
10
10
11
16
17
10
14
14
15
7
13
11
17
12
9
12
12
11
13
11
10
12
10
11
12
9
10
14
7
7
8
8
8
10
8
4
12
6
8
5
10
7
4
7
8
12
3
7
7
5
11
6
6
5
6
12
4
5
6
8
3
8
9
10
7
5
6
8
5
8
0
4
4
8
4
8
6
8
6
4
6
2
10
2
4
10
3
10
6
4
3
3
6
5
3
6
1
1
6
1
2
4
4
7
3
4
2
7
1
3
1
2
3
8
1
3
6
3
4
4
2
4
15
1
2
2
3
4
3
8
4
1
2
4
3
3
4
1
2
0
2
5
5
2
1
5
3
2
1
2
3
2
3
1
1
3
3
3
0
1
4
2
2
3
1
6
1
1
1
1
2
2
1
3
2
3
0
3
0
3
0
0
0
1
1
1
0
3
0
1
1
0
2
1
1
1
3
3
0
0
2
0
1
0
0
0
2
2
1
0
0
0
3
1
2
1
0
0
1
2
1
1
1
0
0
1
1
0
0
2
1
4
0
0
0
0
0
1
0
1
3
1
1
0
0
0
0
1
0
1
0
0
1
0
1
0
0
0
0
1
1
1
0
0
0
0
0
2
0
2
0
0
0
0
0
1
1
0
0
0
0
1
0
0
0
0
1
0
1
0
1
1
1
1
0
0
1
0
1
0
1
0
0
0
0
0
1
0
0
0
0
0
0
0
0
0
0
0
0
1
0
0
0
0
1
0
0
0
0
0
0
0
0
0
0
0
0
0
0
0
0
0
0
1
0
0
0
0
0
0
0
1
0
0
0
0
1
0
0
0
0
0
0
0
0
0
0
0
0
0
0
0
0
0
0
0
0
0
0
0
0
0
0
0
0
0
0
0
0
0
0
0
0
0
0
0
0
0
0
0
0
0
0
0
0
0
0
0
0
0
0
0
0
0
0
0
0
0
0
0
0
0
0
0
0
0
0
0
0
0
0
0
0
0
0
0
0
0
0
0
0
0
0
0
0
0
0
0
0
0
0
0
0
0
0
0
0
0
0
0
0
0
0
0
0
0
0
0
0
0
0
0
0
0
0
0
0
0
0
0
0
0
0
0
0
0
0
0
0
0
0
0
0
0
0
0
0
0
0
0
0
0
0
0
0
0
0
0
0
0
0
0
0
0
0
0
0
0
0
0
0
0
0
0
0
0
0
0
0
0
0
0
0
0
0
0
0
0
0
0
0
0
0
0
0
0
0
0
0
0
0
0
0
0
0
0
0
0
0
0
0
0
0
0
0
0
0
0
0
0
0
0
0
0
0
0
0
0
0
0
0
0
0
0
0
0
0
0
0
0
0
0
0
0
0
0
0
0
0
0
0
0
0
0
0
0
0
0
