0
418
3250
8672
12444
13878
14122
14261
13954
14064
17073
19547
22269
23578
24569
24759
24372
23605
23331
22493
21571
20758
19924
18609
17850
16895
15945
15326
14259
13542
12897
12351
11645
10893
10302
9987
9448
8945
8479
7958
7463
7107
6945
6594
6127
5947
5563
5299
5049
4788
4433
4383
4131
3775
3829
3583
3453
3194
3102
2929
2892
2663
2538
2453
2389
2308
2113
2139
1985
1840
1872
1685
1652
1579
1564
1415
1374
1335
1274
1242
1330
1117
1121
1081
1017
970
939
915
844
826
797
800
702
730
702
667
641
627
648
569
557
531
543
506
493
504
469
431
436
394
391
403
373
329
375
296
282
292
286
306
277
269
219
230
209
226
224
219
197
206
197
187
199
188
157
170
167
161
167
162
132
140
158
128
130
105
130
108
101
111
97
90
111
99
103
85
94
65
76
92
84
73
84
86
89
63
77
54
59
56
61
62
50
46
50
49
47
44
41
45
42
48
40
36
33
32
42
39
31
31
35
26
36
31
33
31
24
24
28
26
24
30
16
17
17
17
22
18
14
14
18
16
14
16
22
9
11
10
12
12
11
10
15
10
15
18
8
11
15
4
10
12
8
11
13
7
9
7
7
6
9
2
11
9
6
9
10
6
5
5
4
4
5
8
1
5
4
3
6
6
4
6
2
2
4
3
2
5
4
3
4
3
2
3
5
3
1
6
3
4
2
1
2
1
5
3
2
3
1
3
5
1
2
1
0
0
5
3
1
0
2
1
0
5
3
1
1
1
0
4
0
2
2
1
1
2
1
0
1
1
1
2
3
1
0
2
2
0
0
0
1
1
1
1
2
1
0
1
2
0
1
0
0
1
0
0
0
0
0
1
0
2
0
1
0
0
0
0
0
0
1
0
0
1
0
1
0
0
0
1
0
0
0
0
0
1
0
0
0
0
0
0
0
0
0
0
0
0
0
0
0
0
0
0
0
0
0
0
0
0
0
1
0
1
0
0
0
0
0
0
0
0
0
0
0
0
0
0
0
1
0
0
0
0
1
0
0
0
0
0
0
0
0
0
0
0
0
0
0
0
0
0
0
0
0
1
0
0
0
0
0
0
0
0
0
0
0
0
0
0
0
0
0
0
0
0
1
0
0
0
0
0
0
0
0
0
0
0
0
0
0
0
1
0
0
0
0
0
0
0
0
0
0
0
0
0
0
0
0
0
0
0
0
0
0
0
0
0
0
0
0
0
0
0
0
0
0
0
0
1
0
0
0
0
0
0
0
0
0
0
0
0
0
0
0
0
0
0
0
0
0
0
0
0
0
0
0
0
0
0
0
0
0
0
1
0
0
0
0
0
0
0
0
0
0
0
0
0
0
0
0
0
0
0
0
0
0
0
0
0
0
0
0
0
0
0
0
0
0
0
0
0
0
0
0
0
0
0
0
0
0
0
0
1
0
0
0
0
0
0
0
0
0
0
0
0
0
0
0
0
0
0
0
0
0
0
0
0
0
0
0
0
0
0
0
0
0
0
0
0
0
0
0
0
0
0
0
0
0
0
0
0
0
0
0
0
0
0
0
0
0
0
0
0
0
0
0
0
0
0
0
0
0
0
0
0
0
0
0
0
0
0
0
0
0
0
0
0
0
0
0
0
0
0
0
0
0
0
0
0
0
0
0
0
0
0
0
0
0
0
0
0
0
0
0
0
0
0
0
0
0
0
0
0
0
0
0
0
0
0
0
0
0
0
0
0
0
0
0
0
0
0
0
0
0
0
0
0
0
0
0
0
0
0
0
0
0
0
0
0
0
0
0
0
0
0
0
0
0
0
0
0
0
0
0
0
0
0
0
0
0
0
0
0
0
0
0
0
0
0
0
0
0
0
0
0
0
0
0
0
0
0
0
0
0
0
0
0
0
0
0
0
0
0
0
0
0
0
0
0
0
0
0
0
0
0
0
0
0
0
0
0
0
0
0
0
0
0
0
0
0
0
0
0
0
0
0
0
0
0
0
0
0
0
0
0
0
0
0
0
0
0
0
0
0
0
0
0
0
0
0
0
0
0
0
0
0
0
0
0
0
0
0
0
0
0
0
0
0
0
0
0
0
0
0
0
0
0
0
0
0
0
0
0
0
0
0
0
0
0
0
0
0
0
0
0
0
0
0
0
0
0
0
0
0
0
0
0
0
0
0
0
0
0
0
0
0
0
0
0
0
0
0
0
0
0
0
0
0
0
0
0
0
0
0
0
0
0
0
0
0
0
0
0
0
0
0
0
0
0
0
0
0
0
0
0
0
0
0
0
0
0
0
0
0
0
0
0
0
0
0
0
0
0
0
0
0
0
0
0
