0
31
351
1233
2667
4376
6340
7735
8548
8923
8864
8592
8326
8169
7812
7749
7631
7559
7219
7294
8637
9140
9895
10459
11130
11781
12063
12492
12362
12748
12413
12429
12464
12314
12175
11840
11885
11574
11153
10961
10774
10494
10275
10010
9592
9322
9219
8972
8707
8653
8265
7983
7517
7493
7368
7097
6976
6829
6550
6192
6107
6051
5646
5591
5474
5304
5160
4905
4831
4664
4553
4490
4358
4234
3977
4036
3864
3716
3578
3546
3478
3378
3105
3164
2930
2986
2862
2837
2759
2627
2539
2498
2407
2369
2287
2175
2109
2082
2060
1928
1889
1898
1835
1750
1734
1660
1698
1606
1582
1552
1541
1482
1425
1303
1286
1313
1262
1208
1153
1128
1155
1059
1050
1084
1016
968
969
931
906
914
848
877
834
843
803
757
745
702
757
686
654
645
659
618
627
604
571
577
570
573
566
512
515
506
493
467
464
439
443
443
431
381
411
375
367
351
378
375
359
324
365
304
331
325
295
296
285
270
273
284
262
260
232
217
245
249
226
230
210
200
207
185
204
203
160
192
185
186
196
171
163
168
165
146
169
155
143
165
145
138
133
113
132
117
132
112
131
127
118
111
117
116
107
94
109
111
85
105
85
102
97
95
75
77
75
74
94
87
77
84
59
71
62
83
69
51
60
65
63
68
80
69
46
68
53
66
48
54
50
48
53
48
49
44
43
47
36
44
41
27
38
51
36
37
40
31
37
32
40
39
30
32
35
20
26
29
27
29
29
28
25
23
22
23
29
21
20
21
29
27
26
17
25
19
7
15
18
24
18
20
14
25
17
17
10
16
11
14
16
17
20
8
13
22
13
17
11
15
8
11
8
13
14
12
8
12
12
15
12
7
6
5
8
11
8
11
9
9
5
3
8
6
9
7
9
7
15
6
4
5
5
7
4
7
4
7
7
6
4
10
9
4
10
3
4
6
4
9
3
2
5
5
7
4
4
4
6
3
4
6
3
5
5
4
6
2
2
4
4
5
1
1
4
2
3
3
2
4
0
5
5
1
2
0
1
3
1
2
3
3
1
3
1
3
3
2
1
1
3
3
0
2
1
1
0
3
1
2
0
1
2
1
4
0
1
2
2
1
1
1
2
0
0
1
1
1
2
0
0
1
0
2
0
0
2
0
1
0
3
1
0
2
1
1
0
0
2
1
1
1
0
0
0
1
1
0
0
0
0
2
0
2
3
1
2
0
2
0
0
0
0
0
0
0
0
0
0
0
0
0
0
0
0
0
0
0
0
0
1
0
0
0
0
0
0
0
1
0
1
0
0
0
0
1
1
0
0
0
0
1
0
0
0
0
1
1
0
0
0
0
0
0
0
0
0
0
0
0
1
0
0
0
0
0
0
1
0
1
1
0
0
0
0
0
0
0
0
0
0
1
0
0
0
0
0
1
0
0
1
0
0
0
0
0
1
1
0
0
0
0
0
0
0
0
0
0
0
0
0
0
0
0
0
0
1
0
0
0
0
1
0
0
0
0
0
0
0
0
0
0
0
1
0
0
0
0
0
0
0
0
1
0
0
0
0
0
0
0
0
0
0
0
0
0
0
0
0
0
0
0
0
0
0
0
0
0
0
0
0
0
0
1
0
0
0
0
0
0
0
0
0
0
0
0
0
0
0
0
0
0
0
0
0
0
0
0
0
0
0
0
1
0
0
0
0
0
0
0
0
0
0
0
0
0
0
0
0
0
0
0
0
0
0
0
0
0
0
0
0
0
0
0
0
0
0
0
0
0
0
0
0
0
0
0
0
0
0
0
0
0
0
0
0
0
0
0
0
0
0
0
0
0
0
0
0
0
0
0
0
0
0
0
0
0
0
0
0
0
0
0
0
0
0
0
0
0
0
0
0
0
0
0
0
0
0
0
0
0
0
0
0
0
0
0
0
0
0
0
0
0
0
0
0
0
0
0
0
0
0
0
0
0
0
0
0
0
0
0
0
1
0
0
0
0
0
0
0
0
0
0
0
0
0
0
0
0
0
0
0
0
0
0
0
0
0
0
0
0
0
0
0
0
0
0
0
0
0
0
0
0
0
0
0
0
0
0
0
0
0
0
0
0
0
0
0
0
0
0
0
0
0
0
0
0
0
0
0
0
0
0
0
0
0
0
0
0
0
0
0
0
0
0
0
0
0
0
0
0
0
0
0
0
0
0
0
0
0
0
0
0
0
0
0
0
0
0
0
0
0
0
0
0
0
0
0
0
0
0
0
0
0
0
0
0
0
0
0
0
0
0
0
0
0
0
0
0
0
0
0
0
0
0
0
0
0
0
0
0
0
0
0
0
0
0
0
0
0
0
0
0
0
0
0
0
0
0
0
0
0
0
