0
1
14
34
98
151
279
393
613
762
936
1183
1405
1638
1956
2137
2437
2678
3013
3281
3601
3770
4096
3964
4011
4217
4091
4038
3789
3850
3878
3749
3555
3532
3384
3336
3286
3132
3168
3079
3012
2902
2875
2801
2828
2754
2689
2622
2584
2518
2758
2570
2567
2621
2608
2614
2664
2589
2631
2690
2719
2835
2963
2952
2906
3012
3125
3255
3303
3484
3460
3603
3697
3785
3758
3733
3909
3959
4054
4080
3976
4048
4091
4076
4134
4150
4071
4174
4057
4186
4066
4162
4070
4156
4128
4157
4034
3965
4092
3802
4001
3986
3921
3844
3847
3847
3774
3689
3866
3628
3649
3628
3498
3674
3429
3511
3472
3536
3358
3420
3298
3325
3246
3248
3181
3105
3132
3079
3007
2877
3041
2956
2994
2858
2897
2775
2890
2823
2764
2768
2690
2613
2648
2618
2550
2413
2567
2514
2417
2368
2357
2458
2405
2265
2264
2254
2184
2265
2214
2119
2195
2095
2071
2074
1973
2006
1902
1971
1890
1965
1924
1863
1834
1825
1787
1777
1808
1694
1708
1700
1664
1648
1679
1603
1582
1601
1642
1553
1491
1519
1496
1446
1419
1451
1435
1391
1430
1354
1331
1348
1330
1330
1272
1282
1269
1259
1219
1169
1121
1177
1133
1085
1109
1089
1199
1102
1115
1042
1092
1085
1068
1035
1001
959
960
952
924
956
914
929
901
926
903
887
894
846
862
836
886
828
798
827
734
780
817
762
785
739
767
717
772
690
684
705
726
651
664
753
678
627
605
649
661
590
575
593
643
609
598
587
606
583
548
580
534
563
579
524
510
505
536
500
465
513
462
547
503
480
471
480
450
441
421
438
458
430
426
438
440
411
411
399
400
409
376
415
378
385
367
355
356
327
375
343
364
316
337
325
333
302
342
307
314
302
280
311
292
335
318
287
300
285
273
276
262
283
285
283
241
283
254
283
244
273
246
262
237
302
219
233
251
242
210
220
220
218
223
205
218
203
225
206
209
221
215
219
206
191
190
202
193
187
159
174
184
189
166
181
168
179
158
173
158
127
166
143
161
173
137
156
127
154
134
142
145
139
151
134
137
144
145
128
140
163
144
132
124
138
116
131
119
128
109
139
119
121
124
121
112
113
103
104
119
116
103
105
105
126
115
100
113
86
116
93
108
86
96
107
95
73
71
82
93
90
87
102
74
83
70
80
78
67
81
88
86
87
70
86
68
82
67
82
61
62
75
73
80
73
73
61
74
62
57
67
70
61
56
73
60
60
58
43
58
56
60
51
63
57
66
62
54
62
50
53
55
51
49
53
44
48
47
56
54
51
40
54
42
45
52
41
48
52
34
42
48
36
39
38
33
45
25
42
44
18
23
49
34
35
30
41
30
29
35
39
36
25
36
35
35
33
29
30
32
24
31
33
30
27
30
31
24
30
23
34
33
34
30
33
23
21
17
22
24
23
25
26
16
25
24
33
20
36
29
20
23
19
21
23
16
15
22
16
18
15
28
15
21
22
20
24
15
15
18
9
21
16
21
16
14
10
13
14
19
17
23
16
16
18
20
10
19
15
11
13
17
9
15
27
15
12
13
19
11
13
12
16
9
17
11
10
12
12
20
19
16
10
15
11
10
12
17
13
4
8
11
13
13
4
9
6
7
17
13
14
12
10
6
9
5
13
10
6
6
8
8
6
8
9
7
11
9
5
11
3
10
7
12
9
9
10
14
9
5
13
3
7
10
9
12
1
11
7
8
12
10
8
5
2
4
5
8
6
4
8
7
5
5
3
1
3
5
6
4
11
6
9
5
5
6
3
5
6
4
7
6
2
8
2
4
8
2
5
3
6
8
8
9
3
7
6
6
6
2
5
1
3
3
3
1
5
0
4
6
5
4
5
9
5
4
4
4
5
3
4
3
4
3
3
4
2
5
1
3
1
4
2
1
2
3
2
1
2
5
1
3
1
2
4
7
2
0
2
2
2
1
2
3
2
1
3
1
5
2
2
5
2
1
1
3
1
1
2
0
0
2
0
2
1
1
3
4
2
0
4
3
2
1
2
1
4
1
1
0
1
0
2
0
3
2
2
3
2
5
1
1
0
2
1
3
3
3
1
0
0
0
3
1
0
3
1
3
2
0
0
0
1
1
2
3
2
0
0
1
1
0
2
1
1
1
1
1
0
2
0
3
0
1
3
1
1
0
1
2
3
0
0
0
1
1
1
1
1
1
2
0
0
1
2
1
0
0
0
0
4
2
0
0
1
0
2
1
2
0
0
1
1
1
0
2
0
2
1
1
3
0
0
1
0
1
1
1
1
0
2
0
1
1
0
2
0
1
1
0
0
0
0
0
1
0
0
0
0
1
0
0
0
0
1
1
0
0
0
1
0
1
0
0
0
0
0
0
0
1
0
0
0
1
0
1
1
1
0
0
0
1
0
0
0
0
1
