0
0
0
0
0
0
0
0
0
0
0
0
0
0
0
0
0
0
0
0
0
0
0
0
0
0
0
0
0
0
0
0
0
0
0
0
0
0
0
0
0
0
0
0
0
0
0
0
0
0
0
0
0
0
0
0
0
0
0
0
0
0
0
0
0
0
0
0
0
0
0
0
0
0
0
0
0
0
0
0
0
0
0
0
0
0
0
0
0
0
0
0
0
0
0
0
0
0
0
0
0
0
0
0
0
0
0
0
0
0
0
0
0
0
0
0
0
0
0
0
0
0
0
0
0
0
0
0
0
0
0
0
0
0
0
0
0
0
0
0
0
0
0
0
0
0
0
0
0
0
0
1
0
0
0
0
0
1
0
0
0
0
0
0
0
1
2
3
0
3
4
3
5
3
4
5
5
8
4
5
2
12
11
8
11
11
17
9
10
10
12
13
13
18
19
18
24
21
18
20
11
21
26
24
20
26
18
26
16
21
22
27
30
29
35
29
24
32
28
33
26
28
31
33
32
34
34
26
23
41
24
39
30
43
32
35
25
36
32
47
31
43
34
36
42
28
30
42
44
45
41
35
39
30
33
38
37
47
35
39
36
40
45
27
34
39
30
30
38
33
34
36
31
27
33
39
32
32
32
32
27
29
23
33
31
31
30
31
39
32
30
26
26
29
32
23
27
27
26
26
28
20
19
21
27
20
23
27
22
33
26
15
29
21
22
19
22
19
20
27
25
20
12
12
23
13
18
21
21
20
18
17
21
13
19
19
18
15
10
24
12
6
17
14
14
30
13
23
10
13
17
9
10
13
11
9
11
13
8
13
11
10
10
12
14
14
8
7
8
9
10
9
11
7
12
7
13
3
10
7
8
6
6
2
9
5
6
11
6
9
11
3
2
3
6
5
2
8
8
5
9
3
8
5
8
8
2
3
7
3
3
5
5
6
5
4
4
8
5
4
2
2
4
4
4
4
6
3
3
2
3
2
4
2
1
1
2
0
3
0
1
2
3
2
2
1
0
3
0
0
3
1
2
2
3
2
1
1
2
2
1
1
0
1
0
0
1
1
0
2
2
1
3
0
5
1
0
1
1
3
2
2
1
0
3
1
0
0
2
0
3
1
0
0
0
2
1
0
0
1
0
0
0
1
1
1
1
0
1
1
1
0
0
1
4
0
1
1
0
2
1
0
0
0
1
1
0
0
1
1
0
1
1
2
0
3
0
1
0
0
0
1
0
1
3
0
1
0
1
0
0
0
0
2
0
0
0
2
0
0
1
0
2
0
0
2
0
0
0
0
0
0
0
0
0
0
0
0
1
0
0
0
1
0
0
1
0
0
2
2
0
0
0
0
1
0
0
0
2
0
0
0
0
0
0
0
2
0
0
0
0
0
1
0
0
0
0
0
0
0
0
1
0
0
0
0
0
1
0
2
0
1
0
0
0
0
0
0
0
0
0
0
0
0
0
0
1
0
0
0
0
0
1
0
0
0
0
0
0
1
0
0
1
0
0
0
0
1
1
0
0
0
0
0
0
0
1
0
0
0
0
0
0
1
0
0
0
1
0
0
0
0
0
0
0
0
0
0
0
0
0
0
0
0
0
0
0
0
0
0
0
0
0
0
0
0
1
0
0
0
0
0
0
0
0
0
0
0
0
0
0
0
0
0
0
0
0
0
0
0
0
0
0
1
0
0
0
0
0
0
0
0
0
0
0
0
0
0
0
0
1
0
0
0
0
0
1
0
0
0
0
0
0
0
0
0
0
0
0
0
0
0
0
0
0
1
0
0
0
0
0
0
0
0
0
0
0
1
0
1
0
0
0
0
0
0
0
0
0
0
0
0
0
0
0
0
0
0
0
0
0
0
0
0
0
0
0
0
0
0
0
0
0
0
0
0
0
0
0
0
0
0
0
0
0
0
1
0
0
0
0
0
0
0
0
0
0
0
0
0
0
0
0
0
0
0
0
0
0
0
0
0
0
0
0
0
0
0
0
0
0
0
0
0
0
0
0
0
0
0
0
0
0
0
0
0
0
0
0
0
0
0
0
0
0
0
0
0
0
0
0
0
0
0
0
0
0
0
0
0
0
0
0
0
0
0
0
0
0
0
0
0
0
0
0
0
0
0
0
0
0
0
0
0
0
0
1
0
0
0
0
0
0
0
0
0
0
1
0
0
0
0
0
0
0
0
0
0
0
0
0
0
0
0
0
0
0
0
0
0
0
0
0
0
0
0
0
0
0
0
0
0
0
0
0
0
0
0
0
0
