0
0
0
0
0
0
0
0
0
0
0
0
0
0
0
0
0
0
0
0
0
0
0
0
0
0
0
0
0
0
1
2
0
0
2
2
0
2
2
1
0
0
2
3
4
2
5
1
5
2
1
5
3
8
5
4
6
8
5
4
7
5
9
7
6
6
10
11
16
16
15
15
14
9
16
7
10
16
19
24
38
29
30
36
41
53
67
74
88
83
115
140
131
150
156
174
191
202
201
214
248
273
303
286
347
354
333
373
410
421
392
441
441
449
446
487
468
505
515
499
513
511
516
574
540
528
524
567
588
505
530
546
537
540
591
556
595
583
598
541
559
556
572
544
586
497
551
571
528
543
534
559
579
537
494
541
532
533
564
521
581
515
487
512
495
507
479
498
459
526
529
477
481
478
472
485
494
473
478
438
475
489
469
430
470
438
459
408
442
414
437
423
401
409
426
410
425
395
405
373
372
391
357
376
388
359
374
356
314
350
341
351
344
343
387
344
337
322
319
375
323
324
313
306
310
321
305
298
286
300
303
318
308
298
280
275
277
281
312
274
270
289
249
296
289
238
239
254
260
244
260
255
254
252
268
229
224
263
232
231
211
237
241
202
221
208
224
200
200
214
228
198
200
191
189
213
188
197
198
193
175
179
164
214
161
211
186
173
197
180
160
170
142
170
166
155
148
176
150
156
157
158
142
161
142
150
128
157
135
149
140
133
139
116
138
120
119
126
136
121
136
139
111
125
99
124
114
127
131
118
124
104
108
104
87
111
111
106
89
118
113
116
102
110
96
125
91
112
85
94
90
92
82
92
89
98
91
78
96
79
96
96
85
92
88
90
91
77
75
86
80
76
74
80
84
73
77
76
70
81
64
83
75
54
71
61
61
89
61
74
66
66
57
52
62
70
68
61
60
66
65
57
54
65
67
62
48
57
60
55
57
64
51
67
48
61
62
48
61
49
42
55
62
47
43
41
50
54
58
33
55
37
59
45
49
35
37
50
42
36
35
39
43
43
37
51
43
37
30
41
40
31
32
42
46
38
31
41
33
36
30
39
31
27
40
35
43
44
31
36
34
24
26
34
39
28
27
37
35
31
27
20
29
29
27
24
26
28
25
23
23
30
20
36
25
29
25
26
22
26
18
22
23
26
24
32
18
16
31
20
21
23
21
15
33
16
14
20
16
28
14
20
19
10
9
28
20
14
15
24
15
12
18
25
17
11
10
23
14
14
12
17
21
12
15
18
14
14
12
11
10
16
15
22
17
21
16
15
13
9
7
12
10
13
12
12
9
11
15
16
9
20
15
10
8
13
9
10
8
8
14
2
9
10
11
6
13
13
12
11
4
6
11
3
11
8
8
5
8
4
8
6
12
12
13
11
12
13
11
7
9
6
7
5
10
4
8
14
8
8
9
6
6
11
6
5
3
11
3
7
8
6
14
12
9
5
13
4
7
6
9
5
2
3
6
8
9
3
5
5
2
10
6
6
6
7
1
6
2
10
5
2
5
4
5
0
3
8
4
7
3
3
5
3
5
3
7
4
8
6
6
3
3
8
2
2
6
6
8
0
6
3
5
9
7
4
2
1
4
1
6
3
1
7
6
3
2
1
1
1
4
5
2
2
4
6
5
3
2
1
2
3
3
5
3
1
4
2
2
6
1
3
1
5
5
4
3
3
6
2
3
2
2
2
0
1
1
3
1
4
0
2
4
4
2
3
3
4
2
3
1
2
2
0
1
4
2
1
4
1
2
1
0
0
2
2
0
1
1
2
0
1
3
0
2
1
1
1
4
1
0
2
2
0
0
0
1
2
1
1
1
5
0
0
3
2
1
0
1
1
0
1
0
0
1
0
0
1
1
1
1
2
0
1
1
1
1
2
1
2
1
0
0
1
0
2
0
2
1
0
2
0
1
0
1
0
2
0
0
1
2
1
0
0
0
1
1
0
1
0
0
1
0
0
0
1
1
1
2
1
0
0
0
0
0
2
0
0
0
0
0
0
2
0
2
0
0
0
1
0
0
1
1
2
0
0
0
0
1
1
1
1
1
2
0
0
0
1
1
0
0
0
0
1
1
0
0
0
0
0
1
0
0
0
1
1
1
0
2
0
1
0
1
1
0
0
1
0
1
1
1
0
0
1
0
1
1
0
1
0
1
1
0
0
0
0
0
1
0
0
0
0
1
0
0
0
0
1
1
0
0
0
1
0
0
0
0
0
0
0
0
0
0
0
0
0
1
0
1
0
0
0
0
0
1
0
0
0
0
1
