0
0
0
0
0
0
0
0
0
0
0
0
0
0
0
0
0
0
0
1
0
0
3
0
1
1
2
3
2
5
0
1
5
6
7
2
14
9
8
14
17
14
8
13
17
20
24
20
24
32
27
38
37
33
55
58
93
101
118
137
162
188
228
251
312
313
350
387
410
452
526
561
538
573
667
608
632
711
732
755
813
741
780
793
752
824
804
830
874
840
825
839
836
863
791
857
837
802
845
865
798
763
813
781
827
821
795
788
747
789
755
747
757
750
771
725
712
730
707
694
691
698
711
711
705
668
666
691
650
664
629
643
624
624
606
570
641
538
610
587
601
578
575
546
529
514
543
527
520
501
514
548
518
474
446
489
462
463
473
463
450
471
421
429
445
437
381
422
412
404
417
367
373
369
357
386
380
371
400
309
333
325
339
340
332
331
319
337
289
310
308
320
284
282
294
297
272
283
321
288
257
279
311
264
240
272
248
266
242
243
254
229
250
225
252
220
228
207
218
208
211
192
209
246
191
209
205
190
202
185
181
176
201
196
168
182
150
166
171
176
172
169
156
143
145
142
167
156
154
161
151
170
143
136
128
137
155
129
161
116
129
138
124
139
119
116
108
121
117
85
104
115
114
110
95
108
87
101
93
97
97
119
112
111
107
104
91
109
84
99
76
71
81
96
90
81
92
72
77
82
80
77
80
71
83
69
63
67
65
60
80
76
67
65
73
67
65
52
66
72
63
65
59
68
42
50
55
48
54
51
59
64
46
55
66
56
45
56
44
43
41
50
37
53
41
40
37
41
60
37
43
53
37
26
43
48
41
45
27
47
36
48
41
24
25
41
29
30
32
27
35
43
29
40
31
34
32
28
31
33
23
28
30
29
32
25
30
27
30
24
28
12
33
27
18
29
22
25
21
23
29
19
18
22
14
23
23
13
13
18
19
19
18
29
29
11
12
19
21
21
18
23
15
17
23
10
15
19
18
19
11
16
12
15
12
8
6
12
19
17
9
11
18
17
14
17
16
16
11
9
9
17
11
7
9
9
12
12
12
9
8
6
8
7
12
5
10
13
12
4
9
14
5
12
11
6
8
9
5
8
4
11
13
6
11
5
5
9
8
5
7
4
7
8
7
8
8
9
5
4
7
2
4
6
4
11
8
11
5
5
6
6
9
3
9
2
3
5
2
7
3
5
6
4
4
4
4
5
4
3
1
4
1
3
6
6
2
1
6
5
3
6
3
2
5
2
4
4
2
5
2
4
3
3
5
4
1
3
5
2
3
2
2
1
2
1
6
4
5
8
3
4
3
2
3
3
4
2
4
2
2
1
2
2
2
3
0
2
5
2
5
2
8
0
3
3
2
2
2
2
2
0
3
0
1
2
2
1
2
2
1
2
4
1
2
1
2
4
1
3
2
1
2
4
0
1
0
0
0
2
1
1
3
1
3
2
1
1
0
2
0
2
1
0
0
0
1
0
0
3
2
5
1
1
0
0
0
0
0
0
1
2
0
0
0
2
0
1
2
0
0
0
1
1
0
1
3
0
0
0
0
0
1
0
2
1
0
2
0
0
0
0
0
0
0
0
3
1
0
1
0
0
0
2
0
0
2
1
2
2
1
1
1
1
0
2
0
1
0
0
0
0
3
0
0
0
0
0
1
1
0
2
0
0
2
1
1
0
0
1
0
0
0
0
0
1
1
1
1
0
0
0
0
0
0
0
1
0
1
1
0
0
0
0
0
0
0
1
2
1
2
0
0
0
0
0
0
0
0
1
0
2
1
0
0
0
0
0
0
1
1
0
0
0
0
0
0
1
0
1
0
0
0
0
0
0
0
0
0
0
0
1
0
0
0
0
0
0
0
0
0
0
0
0
0
0
0
1
0
0
0
0
0
0
0
0
0
0
0
0
1
0
0
0
0
0
0
0
1
0
0
0
0
0
0
0
0
0
0
0
0
0
1
0
0
0
0
0
0
0
0
0
0
0
0
0
0
0
0
0
0
0
0
0
0
0
0
0
0
0
0
0
0
0
1
0
0
0
0
0
0
0
0
0
0
1
0
0
0
0
0
0
0
0
0
0
0
0
0
0
0
0
0
0
0
0
0
0
0
0
0
0
0
0
0
0
0
0
0
0
0
0
0
0
0
0
0
0
0
0
0
0
0
0
0
0
0
0
0
0
0
0
0
0
0
0
0
0
0
0
0
0
0
0
0
0
0
0
0
0
0
0
0
0
0
0
0
0
0
0
0
0
0
0
0
0
0
0
0
0
