0
0
0
0
0
0
0
0
0
0
0
0
0
0
0
0
0
0
0
0
0
0
0
0
0
0
0
0
0
0
0
0
0
0
0
0
0
0
0
0
0
0
0
0
0
0
0
0
0
0
0
0
0
0
0
0
0
1
0
0
1
0
0
0
0
1
0
0
0
0
0
0
0
0
0
0
0
0
0
0
1
0
0
0
0
0
0
0
0
0
0
0
0
0
0
1
0
0
0
0
0
2
1
2
3
3
5
1
1
5
1
1
2
9
4
7
6
4
5
9
17
9
18
16
11
22
23
18
20
28
34
38
32
30
36
26
43
31
41
43
47
43
45
53
47
38
49
47
43
60
48
49
52
43
46
65
60
58
65
53
61
60
53
64
53
54
50
65
65
56
55
50
55
71
63
47
74
63
55
60
57
58
64
57
56
45
42
48
47
44
49
53
50
57
62
58
49
43
54
56
44
57
54
54
44
43
42
49
41
45
39
32
36
37
39
31
35
35
28
32
24
29
37
41
24
25
33
21
30
24
31
30
27
33
23
32
20
20
27
23
18
23
16
24
19
19
22
17
14
17
10
13
17
8
15
15
17
12
23
8
16
8
18
14
16
9
12
11
13
10
15
10
7
13
5
8
9
7
7
5
6
13
12
11
5
10
7
6
3
10
5
2
2
4
3
7
3
7
2
4
5
4
4
3
6
1
2
5
5
3
3
7
6
3
3
4
3
5
3
6
9
4
2
1
2
2
3
2
0
1
2
5
2
2
6
2
2
0
0
1
4
1
2
2
2
1
0
2
4
2
0
0
1
0
2
2
3
0
1
1
0
1
1
1
0
1
0
3
0
2
0
5
2
0
2
0
0
0
2
1
0
2
0
0
1
1
0
0
1
0
0
0
0
3
1
1
1
0
0
1
0
0
0
0
2
1
1
0
0
0
0
0
0
0
1
0
0
0
1
0
0
0
0
0
0
1
1
0
1
1
0
0
0
0
0
0
1
0
1
0
0
0
0
0
0
0
0
0
0
0
1
0
0
0
0
0
0
0
1
1
0
0
0
0
1
0
0
1
0
0
0
0
0
1
0
0
0
1
0
0
0
0
0
0
0
0
1
0
0
0
0
0
1
0
0
0
0
1
0
0
1
0
0
0
0
2
0
1
0
1
0
0
0
0
1
0
1
0
0
0
0
0
0
0
0
0
0
0
0
0
0
0
0
0
0
0
0
0
1
0
0
0
1
0
0
1
0
1
0
0
0
0
0
0
0
0
0
0
0
0
0
0
0
0
0
0
1
0
2
0
1
0
0
0
0
0
0
0
0
0
0
0
0
0
0
0
0
0
0
0
0
0
1
0
0
0
1
0
0
0
0
0
0
0
0
0
0
0
0
0
0
0
0
0
0
0
0
0
0
0
0
0
1
1
0
0
0
0
0
1
0
0
0
0
0
0
0
0
0
0
0
0
0
0
0
0
0
0
0
0
1
0
0
0
0
0
0
0
0
0
0
0
0
0
0
0
0
0
0
0
0
0
0
1
0
0
0
0
0
0
0
0
0
0
0
0
0
0
0
0
0
0
0
0
0
0
0
0
0
0
0
0
0
0
0
0
1
0
0
0
0
0
0
0
0
0
0
0
0
0
0
0
0
0
0
0
0
0
0
0
0
0
0
0
0
0
0
0
0
0
0
0
0
0
0
0
0
0
0
0
0
0
0
0
0
0
0
0
0
0
0
0
0
0
0
0
0
0
0
0
0
0
0
0
0
0
0
0
0
0
0
0
0
0
0
0
0
0
0
0
0
0
0
0
0
0
0
0
0
0
0
0
0
0
0
0
0
0
0
0
0
1
0
0
0
0
0
0
0
0
0
0
0
0
0
0
0
0
0
0
0
0
0
0
0
0
0
0
0
0
0
0
0
0
0
0
0
0
0
0
0
0
0
0
0
0
0
0
0
0
0
0
0
0
0
0
0
0
0
0
0
0
0
0
0
0
0
0
0
0
0
0
0
0
0
0
0
0
0
0
0
0
0
0
0
0
0
0
0
0
0
0
0
0
0
0
0
0
0
0
0
0
0
0
0
0
0
0
0
0
0
0
0
0
0
0
0
0
0
0
0
0
0
0
0
0
0
0
0
0
0
0
0
0
0
0
0
0
0
0
0
0
0
0
0
0
0
0
0
0
0
0
0
0
0
0
0
0
0
0
0
0
0
0
0
0
0
0
0
0
0
0
0
0
0
0
0
0
0
0
0
0
0
0
0
0
0
0
0
0
