0
0
0
0
0
0
0
0
0
0
0
1
1
0
3
8
11
7
17
15
48
44
49
54
71
87
100
149
183
245
336
455
559
704
881
1013
1123
1272
1319
1400
1516
1533
1642
1669
1648
1710
1724
1708
1703
1757
1678
1655
1581
1636
1640
1599
1673
1609
1631
1468
1505
1529
1416
1391
1413
1427
1312
1272
1295
1239
1209
1232
1222
1146
1169
1140
1139
1075
1037
1015
1071
1044
958
956
867
907
858
870
855
850
812
754
771
767
748
732
696
715
703
651
634
681
615
605
603
624
562
555
562
530
595
537
489
485
483
480
454
443
449
425
434
387
373
417
417
363
369
358
327
335
318
323
323
335
321
310
305
281
310
272
257
272
274
247
270
232
252
237
232
246
244
213
221
217
224
193
204
193
216
200
203
174
187
167
167
146
175
161
154
155
158
141
154
145
126
142
138
111
123
132
124
114
97
102
111
113
104
101
96
92
95
89
90
98
74
90
83
87
98
94
93
69
69
75
74
72
70
76
59
66
61
52
63
69
71
47
66
69
72
60
57
65
51
49
57
56
52
47
40
64
51
48
37
40
37
40
55
47
39
40
27
32
30
41
44
24
32
32
22
37
47
31
23
35
30
31
23
28
23
20
24
29
28
25
24
23
22
20
28
16
29
30
19
18
14
14
19
16
17
26
18
17
16
13
21
18
15
20
19
14
17
12
14
10
14
11
12
11
15
16
17
10
16
12
3
11
6
14
10
9
5
16
10
10
6
11
6
4
10
8
10
5
7
10
8
12
6
8
7
5
5
6
9
4
5
6
8
6
5
3
4
2
2
4
5
7
8
5
2
1
4
6
7
3
6
2
7
3
1
5
1
4
3
5
1
3
5
4
2
7
3
0
6
1
3
2
3
2
2
2
0
3
3
2
1
2
4
2
3
1
1
1
1
2
2
1
1
2
2
2
1
1
3
2
3
1
1
1
0
2
3
1
2
0
1
1
1
1
1
2
0
2
0
0
3
1
1
1
1
3
0
1
1
1
0
0
0
1
0
0
1
1
2
0
1
2
2
0
1
0
0
0
0
1
1
1
1
0
0
1
0
2
0
0
1
0
0
0
3
1
0
1
1
1
0
0
2
1
1
0
0
0
0
0
1
0
0
0
0
1
0
1
2
1
2
0
0
0
0
0
0
0
0
0
0
0
0
0
0
0
0
0
0
0
0
0
0
0
0
0
0
0
0
0
0
0
0
0
1
0
0
0
0
1
1
0
0
0
0
0
0
0
0
0
1
1
0
0
0
0
0
0
0
0
0
0
0
0
1
0
0
0
0
0
0
0
0
1
0
0
0
0
0
0
0
0
0
0
0
1
0
0
0
0
0
1
0
0
1
0
0
0
0
0
0
1
0
0
0
0
0
0
0
0
0
0
0
0
0
0
0
0
0
0
1
0
0
0
0
1
0
0
0
0
0
0
0
0
0
0
0
1
0
0
0
0
0
0
0
0
0
0
0
0
0
0
0
0
0
0
0
0
0
0
0
0
0
0
0
0
0
0
0
0
0
0
0
0
0
0
0
0
0
0
0
0
0
0
0
0
0
0
0
0
0
0
0
0
0
0
0
0
0
0
0
0
0
0
0
0
0
0
0
0
0
0
0
0
0
0
0
0
0
0
0
0
0
0
0
0
0
0
0
0
0
0
0
0
0
0
0
0
0
0
0
0
0
0
0
0
0
0
0
0
0
0
0
0
0
0
0
0
0
0
0
0
0
0
0
0
0
0
0
0
0
0
0
0
0
0
0
0
0
0
0
0
0
0
0
0
0
0
0
0
0
0
0
0
0
0
0
0
0
0
0
0
0
0
0
0
0
0
0
0
0
0
0
0
0
0
0
0
0
0
0
0
0
0
0
0
0
0
0
0
0
0
0
0
0
0
0
0
0
0
0
0
0
0
0
0
0
0
0
0
0
0
0
0
0
0
0
0
0
0
0
0
0
0
0
0
0
0
0
0
0
0
0
0
0
0
0
0
0
0
0
0
0
0
0
0
0
0
0
0
0
0
0
0
0
0
0
0
0
0
0
0
0
0
0
0
0
0
0
0
0
0
0
0
0
0
0
0
0
0
0
0
0
0
0
0
0
0
0
0
0
0
0
0
0
0
0
0
0
0
0
0
0
0
0
0
0
0
0
0
0
0
0
0
0
0
0
0
0
0
0
0
0
0
0
0
0
0
0
0
0
0
0
0
0
0
0
0
0
0
0
0
0
0
0
0
0
0
0
0
0
0
0
0
0
0
0
0
0
0
0
0
0
0
0
0
